500	6	7	2	6	10	7	12	3	
750	2	7	6	2	10	8	12	3	9	14	3	10	16	3	6	18	3	7	20	3	
625	4	7	4	4	10	5	12	3	6	14	3	7	16	3	
751	4	2	3	4	10	3	12	3	2	14	3	
626	7	10	3	7	10	6	12	3	10	14	3	
375	3	4	2	3	10	4	12	3	
501	9	2	3	9	10	8	12	3	2	14	3	
502	1	3	3	1	10	2	12	3	3	14	3	
125	9	7	4	9	10	10	12	3	6	14	3	7	16	3	
503	7	4	4	7	10	6	12	3	5	14	3	4	16	3	
627	7	6	2	7	10	6	12	3	
0	8	5	5	8	10	9	12	3	10	14	3	6	16	3	5	18	3	
628	6	9	3	6	10	10	12	3	9	14	3	
250	9	10	2	9	10	10	12	3	
376	1	8	3	1	10	2	12	3	8	14	3	
251	7	9	4	7	10	6	12	3	10	14	3	9	16	3	
377	10	6	2	10	10	6	12	3	
252	10	4	4	10	10	6	12	3	5	14	3	4	16	3	
378	5	3	3	5	10	4	12	3	3	14	3	
253	4	1	4	4	10	3	12	3	2	14	3	1	16	3	
379	6	9	3	6	10	10	12	3	9	14	3	
629	7	10	3	7	10	6	12	3	10	14	3	
1	2	5	4	2	10	3	12	3	4	14	3	5	16	3	
2	5	9	4	5	10	6	12	3	10	14	3	9	16	3	
126	3	7	5	3	10	4	12	3	5	14	3	6	16	3	7	18	3	
127	8	6	4	8	10	9	12	3	10	14	3	6	16	3	
128	7	4	4	7	10	6	12	3	5	14	3	4	16	3	
129	4	6	3	4	10	5	12	3	6	14	3	
130	5	9	4	5	10	6	12	3	10	14	3	9	16	3	
875	2	1	2	2	10	1	12	3	
876	2	7	6	2	10	8	12	3	9	14	3	10	16	3	6	18	3	7	20	3	
254	10	3	5	10	10	6	12	3	5	14	3	4	16	3	3	18	3	
380	8	5	5	8	10	9	12	3	10	14	3	6	16	3	5	18	3	
3	2	7	6	2	10	8	12	3	9	14	3	10	16	3	6	18	3	7	20	3	
381	8	4	4	8	10	2	12	3	3	14	3	4	16	3	
504	3	10	5	3	10	4	12	3	5	14	3	6	16	3	10	18	3	
505	7	5	3	7	10	6	12	3	5	14	3	
506	7	9	4	7	10	6	12	3	10	14	3	9	16	3	
131	8	7	5	8	10	9	12	3	10	14	3	6	16	3	7	18	3	
132	1	6	6	1	10	2	12	3	8	14	3	9	16	3	10	18	3	6	20	3	
877	2	4	3	2	10	3	12	3	4	14	3	
878	3	4	2	3	10	4	12	3	
255	7	4	4	7	10	6	12	3	5	14	3	4	16	3	
256	3	9	4	3	10	2	12	3	8	14	3	9	16	3	
752	1	9	4	1	10	2	12	3	8	14	3	9	16	3	
753	1	2	2	1	10	2	12	3	
754	3	1	3	3	10	2	12	3	1	14	3	
4	6	9	3	6	10	10	12	3	9	14	3	
5	2	3	2	2	10	3	12	3	
6	5	3	3	5	10	4	12	3	3	14	3	
507	6	1	6	6	10	10	12	3	9	14	3	8	16	3	2	18	3	1	20	3	
508	1	4	4	1	10	2	12	3	3	14	3	4	16	3	
509	4	6	3	4	10	5	12	3	6	14	3	
510	6	5	2	6	10	5	12	3	
879	6	4	3	6	10	5	12	3	4	14	3	
880	1	10	5	1	10	2	12	3	8	14	3	9	16	3	10	18	3	
630	4	1	4	4	10	3	12	3	2	14	3	1	16	3	
257	5	6	2	5	10	6	12	3	
631	3	9	4	3	10	2	12	3	8	14	3	9	16	3	
258	6	10	2	6	10	10	12	3	
755	7	3	5	7	10	6	12	3	5	14	3	4	16	3	3	18	3	
756	5	3	3	5	10	4	12	3	3	14	3	
133	1	8	3	1	10	2	12	3	8	14	3	
134	2	5	4	2	10	3	12	3	4	14	3	5	16	3	
511	9	7	4	9	10	10	12	3	6	14	3	7	16	3	
512	4	7	4	4	10	5	12	3	6	14	3	7	16	3	
7	6	1	6	6	10	10	12	3	9	14	3	8	16	3	2	18	3	1	20	3	
8	9	2	3	9	10	8	12	3	2	14	3	
9	10	4	4	10	10	6	12	3	5	14	3	4	16	3	
382	7	5	3	7	10	6	12	3	5	14	3	
383	9	3	4	9	10	8	12	3	2	14	3	3	16	3	
259	9	5	4	9	10	10	12	3	6	14	3	5	16	3	
757	9	7	4	9	10	10	12	3	6	14	3	7	16	3	
881	4	1	4	4	10	3	12	3	2	14	3	1	16	3	
882	7	6	2	7	10	6	12	3	
883	9	6	3	9	10	10	12	3	6	14	3	
513	8	6	4	8	10	9	12	3	10	14	3	6	16	3	
514	5	7	3	5	10	6	12	3	7	14	3	
632	1	5	5	1	10	2	12	3	3	14	3	4	16	3	5	18	3	
633	6	5	2	6	10	5	12	3	
634	10	6	2	10	10	6	12	3	
10	10	3	5	10	10	6	12	3	5	14	3	4	16	3	3	18	3	
11	6	4	3	6	10	5	12	3	4	14	3	
12	1	2	2	1	10	2	12	3	
13	2	4	3	2	10	3	12	3	4	14	3	
14	6	10	2	6	10	10	12	3	
260	8	6	4	8	10	9	12	3	10	14	3	6	16	3	
135	9	6	3	9	10	10	12	3	6	14	3	
136	5	3	3	5	10	4	12	3	3	14	3	
137	6	9	3	6	10	10	12	3	9	14	3	
138	9	4	5	9	10	10	12	3	6	14	3	5	16	3	4	18	3	
884	7	2	6	7	10	6	12	3	10	14	3	9	16	3	8	18	3	2	20	3	
885	6	8	4	6	10	10	12	3	9	14	3	8	16	3	
515	1	10	5	1	10	2	12	3	8	14	3	9	16	3	10	18	3	
516	2	6	5	2	10	8	12	3	9	14	3	10	16	3	6	18	3	
517	2	7	6	2	10	8	12	3	9	14	3	10	16	3	6	18	3	7	20	3	
384	9	2	3	9	10	8	12	3	2	14	3	
385	10	1	5	10	10	9	12	3	8	14	3	2	16	3	1	18	3	
386	2	1	2	2	10	1	12	3	
15	10	9	2	10	10	9	12	3	
16	5	2	4	5	10	4	12	3	3	14	3	2	16	3	
17	1	4	4	1	10	2	12	3	3	14	3	4	16	3	
758	7	9	4	7	10	6	12	3	10	14	3	9	16	3	
139	7	10	3	7	10	6	12	3	10	14	3	
886	2	4	3	2	10	3	12	3	4	14	3	
887	8	10	3	8	10	9	12	3	10	14	3	
888	7	6	2	7	10	6	12	3	
635	1	8	3	1	10	2	12	3	8	14	3	
518	7	9	4	7	10	6	12	3	10	14	3	9	16	3	
387	2	7	6	2	10	8	12	3	9	14	3	10	16	3	6	18	3	7	20	3	
388	10	3	5	10	10	6	12	3	5	14	3	4	16	3	3	18	3	
389	6	4	3	6	10	5	12	3	4	14	3	
261	2	4	3	2	10	3	12	3	4	14	3	
262	6	10	2	6	10	10	12	3	
759	5	8	5	5	10	6	12	3	10	14	3	9	16	3	8	18	3	
140	8	4	4	8	10	2	12	3	3	14	3	4	16	3	
141	8	6	4	8	10	9	12	3	10	14	3	6	16	3	
636	1	7	7	1	10	2	12	3	8	14	3	9	16	3	10	18	3	6	20	3	7	22	3	
519	8	2	2	8	10	2	12	3	
520	3	9	4	3	10	2	12	3	8	14	3	9	16	3	
390	5	2	4	5	10	4	12	3	3	14	3	2	16	3	
391	6	10	2	6	10	10	12	3	
18	3	7	5	3	10	4	12	3	5	14	3	6	16	3	7	18	3	
19	8	5	5	8	10	9	12	3	10	14	3	6	16	3	5	18	3	
263	10	9	2	10	10	9	12	3	
264	10	9	2	10	10	9	12	3	
760	5	10	3	5	10	6	12	3	10	14	3	
761	9	4	5	9	10	10	12	3	6	14	3	5	16	3	4	18	3	
889	4	10	4	4	10	5	12	3	6	14	3	10	16	3	
142	6	9	3	6	10	10	12	3	9	14	3	
890	7	2	6	7	10	6	12	3	10	14	3	9	16	3	8	18	3	2	20	3	
143	1	8	3	1	10	2	12	3	8	14	3	
20	3	6	4	3	10	4	12	3	5	14	3	6	16	3	
21	4	6	3	4	10	5	12	3	6	14	3	
265	4	1	4	4	10	3	12	3	2	14	3	1	16	3	
266	5	4	2	5	10	4	12	3	
267	10	4	4	10	10	6	12	3	5	14	3	4	16	3	
268	1	6	6	1	10	2	12	3	8	14	3	9	16	3	10	18	3	6	20	3	
637	9	8	2	9	10	8	12	3	
521	1	4	4	1	10	2	12	3	3	14	3	4	16	3	
392	1	6	6	1	10	2	12	3	8	14	3	9	16	3	10	18	3	6	20	3	
393	4	5	2	4	10	5	12	3	
891	7	8	5	7	10	6	12	3	10	14	3	9	16	3	8	18	3	
144	2	1	2	2	10	1	12	3	
892	1	10	5	1	10	2	12	3	8	14	3	9	16	3	10	18	3	
893	1	5	5	1	10	2	12	3	3	14	3	4	16	3	5	18	3	
762	6	3	4	6	10	5	12	3	4	14	3	3	16	3	
269	4	10	4	4	10	5	12	3	6	14	3	10	16	3	
270	10	1	5	10	10	9	12	3	8	14	3	2	16	3	1	18	3	
522	3	7	5	3	10	4	12	3	5	14	3	6	16	3	7	18	3	
523	8	1	3	8	10	2	12	3	1	14	3	
394	8	7	5	8	10	9	12	3	10	14	3	6	16	3	7	18	3	
145	5	9	4	5	10	6	12	3	10	14	3	9	16	3	
395	9	2	3	9	10	8	12	3	2	14	3	
146	8	10	3	8	10	9	12	3	10	14	3	
22	9	6	3	9	10	10	12	3	6	14	3	
147	8	6	4	8	10	9	12	3	10	14	3	6	16	3	
763	6	7	2	6	10	7	12	3	
638	3	10	5	3	10	4	12	3	5	14	3	6	16	3	10	18	3	
764	4	1	4	4	10	3	12	3	2	14	3	1	16	3	
639	5	10	3	5	10	6	12	3	10	14	3	
271	6	1	6	6	10	10	12	3	9	14	3	8	16	3	2	18	3	1	20	3	
524	7	6	2	7	10	6	12	3	
272	6	8	4	6	10	10	12	3	9	14	3	8	16	3	
396	1	7	7	1	10	2	12	3	8	14	3	9	16	3	10	18	3	6	20	3	7	22	3	
148	9	3	4	9	10	8	12	3	2	14	3	3	16	3	
149	5	1	5	5	10	4	12	3	3	14	3	2	16	3	1	18	3	
150	3	9	4	3	10	2	12	3	8	14	3	9	16	3	
765	9	8	2	9	10	8	12	3	
640	4	6	3	4	10	5	12	3	6	14	3	
641	8	6	4	8	10	9	12	3	10	14	3	6	16	3	
894	7	5	3	7	10	6	12	3	5	14	3	
273	9	10	2	9	10	10	12	3	
525	6	5	2	6	10	5	12	3	
526	10	7	3	10	10	6	12	3	7	14	3	
397	3	8	3	3	10	2	12	3	8	14	3	
23	3	7	5	3	10	4	12	3	5	14	3	6	16	3	7	18	3	
151	5	8	5	5	10	6	12	3	10	14	3	9	16	3	8	18	3	
766	1	9	4	1	10	2	12	3	8	14	3	9	16	3	
642	6	4	3	6	10	5	12	3	4	14	3	
643	9	6	3	9	10	10	12	3	6	14	3	
895	2	8	2	2	10	8	12	3	
896	3	1	3	3	10	2	12	3	1	14	3	
897	1	6	6	1	10	2	12	3	8	14	3	9	16	3	10	18	3	6	20	3	
527	2	6	5	2	10	8	12	3	9	14	3	10	16	3	6	18	3	
528	4	5	2	4	10	5	12	3	
398	3	5	3	3	10	4	12	3	5	14	3	
24	5	6	2	5	10	6	12	3	
152	1	6	6	1	10	2	12	3	8	14	3	9	16	3	10	18	3	6	20	3	
767	7	4	4	7	10	6	12	3	5	14	3	4	16	3	
644	6	9	3	6	10	10	12	3	9	14	3	
768	9	1	4	9	10	8	12	3	2	14	3	1	16	3	
645	5	9	4	5	10	6	12	3	10	14	3	9	16	3	
274	1	7	7	1	10	2	12	3	8	14	3	9	16	3	10	18	3	6	20	3	7	22	3	
275	6	7	2	6	10	7	12	3	
276	7	10	3	7	10	6	12	3	10	14	3	
399	10	3	5	10	10	6	12	3	5	14	3	4	16	3	3	18	3	
400	9	4	5	9	10	10	12	3	6	14	3	5	16	3	4	18	3	
25	3	2	2	3	10	2	12	3	
153	9	4	5	9	10	10	12	3	6	14	3	5	16	3	4	18	3	
26	8	7	5	8	10	9	12	3	10	14	3	6	16	3	7	18	3	
154	8	9	2	8	10	9	12	3	
27	1	8	3	1	10	2	12	3	8	14	3	
769	4	7	4	4	10	5	12	3	6	14	3	7	16	3	
646	3	4	2	3	10	4	12	3	
770	6	7	2	6	10	7	12	3	
771	1	5	5	1	10	2	12	3	3	14	3	4	16	3	5	18	3	
529	5	8	5	5	10	6	12	3	10	14	3	9	16	3	8	18	3	
277	9	6	3	9	10	10	12	3	6	14	3	
530	8	4	4	8	10	2	12	3	3	14	3	4	16	3	
278	3	10	5	3	10	4	12	3	5	14	3	6	16	3	10	18	3	
531	2	9	3	2	10	8	12	3	9	14	3	
28	3	10	5	3	10	4	12	3	5	14	3	6	16	3	10	18	3	
532	8	6	4	8	10	9	12	3	10	14	3	6	16	3	
898	4	10	4	4	10	5	12	3	6	14	3	10	16	3	
533	7	4	4	7	10	6	12	3	5	14	3	4	16	3	
899	4	2	3	4	10	3	12	3	2	14	3	
155	9	6	3	9	10	10	12	3	6	14	3	
900	5	9	4	5	10	6	12	3	10	14	3	9	16	3	
156	7	4	4	7	10	6	12	3	5	14	3	4	16	3	
647	7	2	6	7	10	6	12	3	10	14	3	9	16	3	8	18	3	2	20	3	
648	4	1	4	4	10	3	12	3	2	14	3	1	16	3	
772	6	9	3	6	10	10	12	3	9	14	3	
773	9	1	4	9	10	8	12	3	2	14	3	1	16	3	
29	9	8	2	9	10	8	12	3	
534	9	8	2	9	10	8	12	3	
535	8	2	2	8	10	2	12	3	
401	3	2	2	3	10	2	12	3	
402	10	9	2	10	10	9	12	3	
901	9	6	3	9	10	10	12	3	6	14	3	
902	1	9	4	1	10	2	12	3	8	14	3	9	16	3	
279	2	6	5	2	10	8	12	3	9	14	3	10	16	3	6	18	3	
157	6	9	3	6	10	10	12	3	9	14	3	
158	9	4	5	9	10	10	12	3	6	14	3	5	16	3	4	18	3	
159	5	8	5	5	10	6	12	3	10	14	3	9	16	3	8	18	3	
774	8	4	4	8	10	2	12	3	3	14	3	4	16	3	
30	7	5	3	7	10	6	12	3	5	14	3	
536	5	2	4	5	10	4	12	3	3	14	3	2	16	3	
31	1	6	6	1	10	2	12	3	8	14	3	9	16	3	10	18	3	6	20	3	
903	1	3	3	1	10	2	12	3	3	14	3	
280	8	2	2	8	10	2	12	3	
904	2	10	4	2	10	8	12	3	9	14	3	10	16	3	
160	7	6	2	7	10	6	12	3	
775	3	2	2	3	10	2	12	3	
403	9	7	4	9	10	10	12	3	6	14	3	7	16	3	
776	6	1	6	6	10	10	12	3	9	14	3	8	16	3	2	18	3	1	20	3	
537	3	1	3	3	10	2	12	3	1	14	3	
404	7	1	7	7	10	6	12	3	10	14	3	9	16	3	8	18	3	2	20	3	1	22	3	
32	6	7	2	6	10	7	12	3	
649	5	7	3	5	10	6	12	3	7	14	3	
33	5	9	4	5	10	6	12	3	10	14	3	9	16	3	
650	9	6	3	9	10	10	12	3	6	14	3	
651	3	4	2	3	10	4	12	3	
777	5	7	3	5	10	6	12	3	7	14	3	
405	1	8	3	1	10	2	12	3	8	14	3	
538	5	1	5	5	10	4	12	3	3	14	3	2	16	3	1	18	3	
539	6	9	3	6	10	10	12	3	9	14	3	
905	4	9	5	4	10	5	12	3	6	14	3	10	16	3	9	18	3	
34	8	7	5	8	10	9	12	3	10	14	3	6	16	3	7	18	3	
161	5	3	3	5	10	4	12	3	3	14	3	
652	8	7	5	8	10	9	12	3	10	14	3	6	16	3	7	18	3	
778	7	1	7	7	10	6	12	3	10	14	3	9	16	3	8	18	3	2	20	3	1	22	3	
406	9	6	3	9	10	10	12	3	6	14	3	
779	1	10	5	1	10	2	12	3	8	14	3	9	16	3	10	18	3	
540	10	9	2	10	10	9	12	3	
780	7	2	6	7	10	6	12	3	10	14	3	9	16	3	8	18	3	2	20	3	
35	7	10	3	7	10	6	12	3	10	14	3	
162	6	10	2	6	10	10	12	3	
653	5	1	5	5	10	4	12	3	3	14	3	2	16	3	1	18	3	
281	9	10	2	9	10	10	12	3	
407	9	3	4	9	10	8	12	3	2	14	3	3	16	3	
906	7	9	4	7	10	6	12	3	10	14	3	9	16	3	
541	6	4	3	6	10	5	12	3	4	14	3	
781	10	5	3	10	10	6	12	3	5	14	3	
36	9	6	3	9	10	10	12	3	6	14	3	
163	4	2	3	4	10	3	12	3	2	14	3	
654	4	1	4	4	10	3	12	3	2	14	3	1	16	3	
164	1	6	6	1	10	2	12	3	8	14	3	9	16	3	10	18	3	6	20	3	
408	7	10	3	7	10	6	12	3	10	14	3	
165	1	5	5	1	10	2	12	3	3	14	3	4	16	3	5	18	3	
542	4	10	4	4	10	5	12	3	6	14	3	10	16	3	
782	4	5	2	4	10	5	12	3	
543	2	7	6	2	10	8	12	3	9	14	3	10	16	3	6	18	3	7	20	3	
282	8	10	3	8	10	9	12	3	10	14	3	
544	6	1	6	6	10	10	12	3	9	14	3	8	16	3	2	18	3	1	20	3	
907	10	8	3	10	10	9	12	3	8	14	3	
409	8	2	2	8	10	2	12	3	
166	5	3	3	5	10	4	12	3	3	14	3	
37	7	6	2	7	10	6	12	3	
167	5	1	5	5	10	4	12	3	3	14	3	2	16	3	1	18	3	
655	1	10	5	1	10	2	12	3	8	14	3	9	16	3	10	18	3	
283	8	5	5	8	10	9	12	3	10	14	3	6	16	3	5	18	3	
545	8	1	3	8	10	2	12	3	1	14	3	
908	5	8	5	5	10	6	12	3	10	14	3	9	16	3	8	18	3	
546	9	7	4	9	10	10	12	3	6	14	3	7	16	3	
909	3	1	3	3	10	2	12	3	1	14	3	
547	8	1	3	8	10	2	12	3	1	14	3	
168	10	5	3	10	10	6	12	3	5	14	3	
656	7	10	3	7	10	6	12	3	10	14	3	
284	5	1	5	5	10	4	12	3	3	14	3	2	16	3	1	18	3	
410	5	10	3	5	10	6	12	3	10	14	3	
783	9	6	3	9	10	10	12	3	6	14	3	
411	4	7	4	4	10	5	12	3	6	14	3	7	16	3	
784	9	8	2	9	10	8	12	3	
412	1	3	3	1	10	2	12	3	3	14	3	
169	3	2	2	3	10	2	12	3	
657	5	3	3	5	10	4	12	3	3	14	3	
170	1	3	3	1	10	2	12	3	3	14	3	
38	9	2	3	9	10	8	12	3	2	14	3	
171	2	7	6	2	10	8	12	3	9	14	3	10	16	3	6	18	3	7	20	3	
39	10	6	2	10	10	6	12	3	
785	2	4	3	2	10	3	12	3	4	14	3	
40	4	8	4	4	10	3	12	3	2	14	3	8	16	3	
285	7	10	3	7	10	6	12	3	10	14	3	
41	3	9	4	3	10	2	12	3	8	14	3	9	16	3	
286	1	2	2	1	10	2	12	3	
548	4	7	4	4	10	5	12	3	6	14	3	7	16	3	
172	1	6	6	1	10	2	12	3	8	14	3	9	16	3	10	18	3	6	20	3	
413	3	4	2	3	10	4	12	3	
786	2	9	3	2	10	8	12	3	9	14	3	
414	3	2	2	3	10	2	12	3	
787	10	6	2	10	10	6	12	3	
415	5	9	4	5	10	6	12	3	10	14	3	9	16	3	
42	8	4	4	8	10	2	12	3	3	14	3	4	16	3	
549	3	8	3	3	10	2	12	3	8	14	3	
173	10	3	5	10	10	6	12	3	5	14	3	4	16	3	3	18	3	
550	6	1	6	6	10	10	12	3	9	14	3	8	16	3	2	18	3	1	20	3	
910	7	2	6	7	10	6	12	3	10	14	3	9	16	3	8	18	3	2	20	3	
287	5	7	3	5	10	6	12	3	7	14	3	
911	6	1	6	6	10	10	12	3	9	14	3	8	16	3	2	18	3	1	20	3	
788	2	7	6	2	10	8	12	3	9	14	3	10	16	3	6	18	3	7	20	3	
43	2	3	2	2	10	3	12	3	
658	7	9	4	7	10	6	12	3	10	14	3	9	16	3	
174	1	4	4	1	10	2	12	3	3	14	3	4	16	3	
551	1	10	5	1	10	2	12	3	8	14	3	9	16	3	10	18	3	
416	10	5	3	10	10	6	12	3	5	14	3	
288	8	7	5	8	10	9	12	3	10	14	3	6	16	3	7	18	3	
912	7	5	3	7	10	6	12	3	5	14	3	
289	1	3	3	1	10	2	12	3	3	14	3	
44	5	3	3	5	10	4	12	3	3	14	3	
659	10	6	2	10	10	6	12	3	
45	9	1	4	9	10	8	12	3	2	14	3	1	16	3	
552	5	7	3	5	10	6	12	3	7	14	3	
46	5	3	3	5	10	4	12	3	3	14	3	
553	5	6	2	5	10	6	12	3	
47	3	2	2	3	10	2	12	3	
290	3	5	3	3	10	4	12	3	5	14	3	
175	9	2	3	9	10	8	12	3	2	14	3	
291	4	9	5	4	10	5	12	3	6	14	3	10	16	3	9	18	3	
417	6	9	3	6	10	10	12	3	9	14	3	
789	3	4	2	3	10	4	12	3	
913	10	2	4	10	10	9	12	3	8	14	3	2	16	3	
48	2	10	4	2	10	8	12	3	9	14	3	10	16	3	
914	2	6	5	2	10	8	12	3	9	14	3	10	16	3	6	18	3	
660	10	5	3	10	10	6	12	3	5	14	3	
915	10	2	4	10	10	9	12	3	8	14	3	2	16	3	
292	10	7	3	10	10	6	12	3	7	14	3	
418	1	4	4	1	10	2	12	3	3	14	3	4	16	3	
790	4	2	3	4	10	3	12	3	2	14	3	
419	7	5	3	7	10	6	12	3	5	14	3	
49	8	1	3	8	10	2	12	3	1	14	3	
176	1	2	2	1	10	2	12	3	
661	7	10	3	7	10	6	12	3	10	14	3	
916	2	7	6	2	10	8	12	3	9	14	3	10	16	3	6	18	3	7	20	3	
293	3	5	3	3	10	4	12	3	5	14	3	
554	8	5	5	8	10	9	12	3	10	14	3	6	16	3	5	18	3	
791	10	6	2	10	10	6	12	3	
555	5	1	5	5	10	4	12	3	3	14	3	2	16	3	1	18	3	
792	7	6	2	7	10	6	12	3	
556	10	2	4	10	10	9	12	3	8	14	3	2	16	3	
793	1	10	5	1	10	2	12	3	8	14	3	9	16	3	10	18	3	
917	8	3	3	8	10	2	12	3	3	14	3	
294	10	9	2	10	10	9	12	3	
918	1	5	5	1	10	2	12	3	3	14	3	4	16	3	5	18	3	
295	10	6	2	10	10	6	12	3	
177	10	5	3	10	10	6	12	3	5	14	3	
662	4	5	2	4	10	5	12	3	
794	7	6	2	7	10	6	12	3	
557	8	7	5	8	10	9	12	3	10	14	3	6	16	3	7	18	3	
420	8	3	3	8	10	2	12	3	3	14	3	
558	10	4	4	10	10	6	12	3	5	14	3	4	16	3	
421	2	3	2	2	10	3	12	3	
919	3	7	5	3	10	4	12	3	5	14	3	6	16	3	7	18	3	
178	6	3	4	6	10	5	12	3	4	14	3	3	16	3	
663	2	9	3	2	10	8	12	3	9	14	3	
795	1	2	2	1	10	2	12	3	
664	8	6	4	8	10	9	12	3	10	14	3	6	16	3	
296	9	5	4	9	10	10	12	3	6	14	3	5	16	3	
559	4	3	2	4	10	3	12	3	
422	4	5	2	4	10	5	12	3	
920	6	9	3	6	10	10	12	3	9	14	3	
423	10	2	4	10	10	9	12	3	8	14	3	2	16	3	
50	8	4	4	8	10	2	12	3	3	14	3	4	16	3	
796	6	4	3	6	10	5	12	3	4	14	3	
665	1	10	5	1	10	2	12	3	8	14	3	9	16	3	10	18	3	
297	8	6	4	8	10	9	12	3	10	14	3	6	16	3	
666	4	1	4	4	10	3	12	3	2	14	3	1	16	3	
298	8	5	5	8	10	9	12	3	10	14	3	6	16	3	5	18	3	
921	7	4	4	7	10	6	12	3	5	14	3	4	16	3	
424	4	9	5	4	10	5	12	3	6	14	3	10	16	3	9	18	3	
51	2	8	2	2	10	8	12	3	
797	9	2	3	9	10	8	12	3	2	14	3	
560	7	6	2	7	10	6	12	3	
179	1	7	7	1	10	2	12	3	8	14	3	9	16	3	10	18	3	6	20	3	7	22	3	
561	7	1	7	7	10	6	12	3	10	14	3	9	16	3	8	18	3	2	20	3	1	22	3	
299	5	10	3	5	10	6	12	3	10	14	3	
922	6	3	4	6	10	5	12	3	4	14	3	3	16	3	
425	3	8	3	3	10	2	12	3	8	14	3	
52	6	3	4	6	10	5	12	3	4	14	3	3	16	3	
798	5	2	4	5	10	4	12	3	3	14	3	2	16	3	
667	7	4	4	7	10	6	12	3	5	14	3	4	16	3	
180	4	6	3	4	10	5	12	3	6	14	3	
668	2	10	4	2	10	8	12	3	9	14	3	10	16	3	
300	9	10	2	9	10	10	12	3	
669	4	7	4	4	10	5	12	3	6	14	3	7	16	3	
301	5	3	3	5	10	4	12	3	3	14	3	
53	8	1	3	8	10	2	12	3	1	14	3	
799	8	1	3	8	10	2	12	3	1	14	3	
562	8	7	5	8	10	9	12	3	10	14	3	6	16	3	7	18	3	
181	7	2	6	7	10	6	12	3	10	14	3	9	16	3	8	18	3	2	20	3	
923	8	3	3	8	10	2	12	3	3	14	3	
182	3	1	3	3	10	2	12	3	1	14	3	
670	10	3	5	10	10	6	12	3	5	14	3	4	16	3	3	18	3	
302	7	10	3	7	10	6	12	3	10	14	3	
54	9	10	2	9	10	10	12	3	
800	1	4	4	1	10	2	12	3	3	14	3	4	16	3	
563	3	4	2	3	10	4	12	3	
426	7	5	3	7	10	6	12	3	5	14	3	
564	10	1	5	10	10	9	12	3	8	14	3	2	16	3	1	18	3	
183	10	6	2	10	10	6	12	3	
671	7	6	2	7	10	6	12	3	
184	5	8	5	5	10	6	12	3	10	14	3	9	16	3	8	18	3	
55	9	8	2	9	10	8	12	3	
801	9	6	3	9	10	10	12	3	6	14	3	
924	9	6	3	9	10	10	12	3	6	14	3	
427	7	4	4	7	10	6	12	3	5	14	3	4	16	3	
925	8	6	4	8	10	9	12	3	10	14	3	6	16	3	
303	10	2	4	10	10	9	12	3	8	14	3	2	16	3	
672	9	1	4	9	10	8	12	3	2	14	3	1	16	3	
185	5	10	3	5	10	6	12	3	10	14	3	
56	9	3	4	9	10	8	12	3	2	14	3	3	16	3	
802	5	10	3	5	10	6	12	3	10	14	3	
57	4	9	5	4	10	5	12	3	6	14	3	10	16	3	9	18	3	
926	5	7	3	5	10	6	12	3	7	14	3	
428	7	8	5	7	10	6	12	3	10	14	3	9	16	3	8	18	3	
304	6	10	2	6	10	10	12	3	
429	4	7	4	4	10	5	12	3	6	14	3	7	16	3	
186	4	1	4	4	10	3	12	3	2	14	3	1	16	3	
565	3	8	3	3	10	2	12	3	8	14	3	
58	3	4	2	3	10	4	12	3	
803	9	3	4	9	10	8	12	3	2	14	3	3	16	3	
927	10	5	3	10	10	6	12	3	5	14	3	
673	5	9	4	5	10	6	12	3	10	14	3	9	16	3	
928	2	4	3	2	10	3	12	3	4	14	3	
674	7	9	4	7	10	6	12	3	10	14	3	9	16	3	
187	10	8	3	10	10	9	12	3	8	14	3	
566	1	9	4	1	10	2	12	3	8	14	3	9	16	3	
59	8	2	2	8	10	2	12	3	
804	8	3	3	8	10	2	12	3	3	14	3	
305	6	9	3	6	10	10	12	3	9	14	3	
805	8	7	5	8	10	9	12	3	10	14	3	6	16	3	7	18	3	
306	8	10	3	8	10	9	12	3	10	14	3	
675	7	3	5	7	10	6	12	3	5	14	3	4	16	3	3	18	3	
307	9	5	4	9	10	10	12	3	6	14	3	5	16	3	
676	6	10	2	6	10	10	12	3	
308	3	5	3	3	10	4	12	3	5	14	3	
677	10	4	4	10	10	6	12	3	5	14	3	4	16	3	
309	1	10	5	1	10	2	12	3	8	14	3	9	16	3	10	18	3	
806	6	10	2	6	10	10	12	3	
188	6	9	3	6	10	10	12	3	9	14	3	
807	9	1	4	9	10	8	12	3	2	14	3	1	16	3	
189	2	1	2	2	10	1	12	3	
430	7	4	4	7	10	6	12	3	5	14	3	4	16	3	
929	4	1	4	4	10	3	12	3	2	14	3	1	16	3	
431	7	8	5	7	10	6	12	3	10	14	3	9	16	3	8	18	3	
310	4	9	5	4	10	5	12	3	6	14	3	10	16	3	9	18	3	
432	9	3	4	9	10	8	12	3	2	14	3	3	16	3	
311	2	1	2	2	10	1	12	3	
433	10	5	3	10	10	6	12	3	5	14	3	
312	10	9	2	10	10	9	12	3	
434	4	1	4	4	10	3	12	3	2	14	3	1	16	3	
930	5	1	5	5	10	4	12	3	3	14	3	2	16	3	1	18	3	
435	5	9	4	5	10	6	12	3	10	14	3	9	16	3	
60	6	10	2	6	10	10	12	3	
436	10	1	5	10	10	9	12	3	8	14	3	2	16	3	1	18	3	
190	6	4	3	6	10	5	12	3	4	14	3	
678	6	1	6	6	10	10	12	3	9	14	3	8	16	3	2	18	3	1	20	3	
191	5	3	3	5	10	4	12	3	3	14	3	
567	10	4	4	10	10	6	12	3	5	14	3	4	16	3	
931	1	9	4	1	10	2	12	3	8	14	3	9	16	3	
808	8	6	4	8	10	9	12	3	10	14	3	6	16	3	
932	3	6	4	3	10	4	12	3	5	14	3	6	16	3	
61	5	2	4	5	10	4	12	3	3	14	3	2	16	3	
313	9	8	2	9	10	8	12	3	
679	1	10	5	1	10	2	12	3	8	14	3	9	16	3	10	18	3	
314	9	5	4	9	10	10	12	3	6	14	3	5	16	3	
568	4	6	3	4	10	5	12	3	6	14	3	
437	6	10	2	6	10	10	12	3	
569	10	3	5	10	10	6	12	3	5	14	3	4	16	3	3	18	3	
933	5	8	5	5	10	6	12	3	10	14	3	9	16	3	8	18	3	
62	3	2	2	3	10	2	12	3	
934	5	9	4	5	10	6	12	3	10	14	3	9	16	3	
63	7	6	2	7	10	6	12	3	
315	2	5	4	2	10	3	12	3	4	14	3	5	16	3	
809	6	4	3	6	10	5	12	3	4	14	3	
438	2	6	5	2	10	8	12	3	9	14	3	10	16	3	6	18	3	
570	4	9	5	4	10	5	12	3	6	14	3	10	16	3	9	18	3	
192	10	8	3	10	10	9	12	3	8	14	3	
680	5	9	4	5	10	6	12	3	10	14	3	9	16	3	
193	2	7	6	2	10	8	12	3	9	14	3	10	16	3	6	18	3	7	20	3	
64	10	7	3	10	10	6	12	3	7	14	3	
316	5	10	3	5	10	6	12	3	10	14	3	
810	2	3	2	2	10	3	12	3	
317	6	5	2	6	10	5	12	3	
571	5	10	3	5	10	6	12	3	10	14	3	
935	4	1	4	4	10	3	12	3	2	14	3	1	16	3	
572	2	7	6	2	10	8	12	3	9	14	3	10	16	3	6	18	3	7	20	3	
194	8	6	4	8	10	9	12	3	10	14	3	6	16	3	
573	3	9	4	3	10	2	12	3	8	14	3	9	16	3	
439	7	6	2	7	10	6	12	3	
195	4	9	5	4	10	5	12	3	6	14	3	10	16	3	9	18	3	
811	10	7	3	10	10	6	12	3	7	14	3	
681	3	6	4	3	10	4	12	3	5	14	3	6	16	3	
812	9	5	4	9	10	10	12	3	6	14	3	5	16	3	
65	2	3	2	2	10	3	12	3	
813	10	3	5	10	10	6	12	3	5	14	3	4	16	3	3	18	3	
318	7	6	2	7	10	6	12	3	
440	10	8	3	10	10	9	12	3	8	14	3	
196	8	4	4	8	10	2	12	3	3	14	3	4	16	3	
441	9	5	4	9	10	10	12	3	6	14	3	5	16	3	
682	8	6	4	8	10	9	12	3	10	14	3	6	16	3	
574	7	4	4	7	10	6	12	3	5	14	3	4	16	3	
814	10	6	2	10	10	6	12	3	
575	2	5	4	2	10	3	12	3	4	14	3	5	16	3	
319	5	7	3	5	10	6	12	3	7	14	3	
936	4	7	4	4	10	5	12	3	6	14	3	7	16	3	
320	9	4	5	9	10	10	12	3	6	14	3	5	16	3	4	18	3	
937	4	5	2	4	10	5	12	3	
683	3	5	3	3	10	4	12	3	5	14	3	
938	2	6	5	2	10	8	12	3	9	14	3	10	16	3	6	18	3	
684	5	7	3	5	10	6	12	3	7	14	3	
815	9	2	3	9	10	8	12	3	2	14	3	
197	4	2	3	4	10	3	12	3	2	14	3	
442	4	6	3	4	10	5	12	3	6	14	3	
321	10	4	4	10	10	6	12	3	5	14	3	4	16	3	
66	10	9	2	10	10	9	12	3	
576	8	10	3	8	10	9	12	3	10	14	3	
67	1	5	5	1	10	2	12	3	3	14	3	4	16	3	5	18	3	
685	5	8	5	5	10	6	12	3	10	14	3	9	16	3	8	18	3	
198	3	5	3	3	10	4	12	3	5	14	3	
816	2	6	5	2	10	8	12	3	9	14	3	10	16	3	6	18	3	
199	9	1	4	9	10	8	12	3	2	14	3	1	16	3	
817	4	6	3	4	10	5	12	3	6	14	3	
200	1	9	4	1	10	2	12	3	8	14	3	9	16	3	
818	6	5	2	6	10	5	12	3	
68	8	10	3	8	10	9	12	3	10	14	3	
686	10	1	5	10	10	9	12	3	8	14	3	2	16	3	1	18	3	
443	2	10	4	2	10	8	12	3	9	14	3	10	16	3	
687	6	8	4	6	10	10	12	3	9	14	3	8	16	3	
939	2	9	3	2	10	8	12	3	9	14	3	
688	2	6	5	2	10	8	12	3	9	14	3	10	16	3	6	18	3	
201	10	4	4	10	10	6	12	3	5	14	3	4	16	3	
819	5	8	5	5	10	6	12	3	10	14	3	9	16	3	8	18	3	
69	10	5	3	10	10	6	12	3	5	14	3	
820	3	10	5	3	10	4	12	3	5	14	3	6	16	3	10	18	3	
444	9	6	3	9	10	10	12	3	6	14	3	
577	1	5	5	1	10	2	12	3	3	14	3	4	16	3	5	18	3	
445	3	9	4	3	10	2	12	3	8	14	3	9	16	3	
689	4	9	5	4	10	5	12	3	6	14	3	10	16	3	9	18	3	
202	9	4	5	9	10	10	12	3	6	14	3	5	16	3	4	18	3	
322	6	4	3	6	10	5	12	3	4	14	3	
203	1	10	5	1	10	2	12	3	8	14	3	9	16	3	10	18	3	
323	1	2	2	1	10	2	12	3	
204	2	8	2	2	10	8	12	3	
324	9	8	2	9	10	8	12	3	
205	5	7	3	5	10	6	12	3	7	14	3	
690	9	10	2	9	10	10	12	3	
70	10	4	4	10	10	6	12	3	5	14	3	4	16	3	
691	10	3	5	10	10	6	12	3	5	14	3	4	16	3	3	18	3	
940	4	3	2	4	10	3	12	3	
692	3	10	5	3	10	4	12	3	5	14	3	6	16	3	10	18	3	
578	9	4	5	9	10	10	12	3	6	14	3	5	16	3	4	18	3	
693	9	7	4	9	10	10	12	3	6	14	3	7	16	3	
206	9	7	4	9	10	10	12	3	6	14	3	7	16	3	
821	6	4	3	6	10	5	12	3	4	14	3	
207	2	3	2	2	10	3	12	3	
446	10	5	3	10	10	6	12	3	5	14	3	
941	5	10	3	5	10	6	12	3	10	14	3	
447	3	9	4	3	10	2	12	3	8	14	3	9	16	3	
579	5	10	3	5	10	6	12	3	10	14	3	
448	7	4	4	7	10	6	12	3	5	14	3	4	16	3	
71	8	3	3	8	10	2	12	3	3	14	3	
822	3	6	4	3	10	4	12	3	5	14	3	6	16	3	
208	10	4	4	10	10	6	12	3	5	14	3	4	16	3	
325	10	2	4	10	10	9	12	3	8	14	3	2	16	3	
209	4	10	4	4	10	5	12	3	6	14	3	10	16	3	
694	3	9	4	3	10	2	12	3	8	14	3	9	16	3	
580	2	7	6	2	10	8	12	3	9	14	3	10	16	3	6	18	3	7	20	3	
695	2	5	4	2	10	3	12	3	4	14	3	5	16	3	
72	8	9	2	8	10	9	12	3	
696	2	7	6	2	10	8	12	3	9	14	3	10	16	3	6	18	3	7	20	3	
942	5	6	2	5	10	6	12	3	
326	6	7	2	6	10	7	12	3	
943	10	2	4	10	10	9	12	3	8	14	3	2	16	3	
449	6	7	2	6	10	7	12	3	
581	6	8	4	6	10	10	12	3	9	14	3	8	16	3	
823	4	5	2	4	10	5	12	3	
73	3	7	5	3	10	4	12	3	5	14	3	6	16	3	7	18	3	
824	1	5	5	1	10	2	12	3	3	14	3	4	16	3	5	18	3	
74	7	4	4	7	10	6	12	3	5	14	3	4	16	3	
944	2	1	2	2	10	1	12	3	
75	7	8	5	7	10	6	12	3	10	14	3	9	16	3	8	18	3	
450	8	9	2	8	10	9	12	3	
582	5	8	5	5	10	6	12	3	10	14	3	9	16	3	8	18	3	
697	2	8	2	2	10	8	12	3	
583	9	3	4	9	10	8	12	3	2	14	3	3	16	3	
825	3	7	5	3	10	4	12	3	5	14	3	6	16	3	7	18	3	
327	4	2	3	4	10	3	12	3	2	14	3	
945	10	8	3	10	10	9	12	3	8	14	3	
328	5	2	4	5	10	4	12	3	3	14	3	2	16	3	
451	3	2	2	3	10	2	12	3	
329	6	1	6	6	10	10	12	3	9	14	3	8	16	3	2	18	3	1	20	3	
452	5	7	3	5	10	6	12	3	7	14	3	
584	4	3	2	4	10	3	12	3	
826	8	9	2	8	10	9	12	3	
76	5	7	3	5	10	6	12	3	7	14	3	
946	7	8	5	7	10	6	12	3	10	14	3	9	16	3	8	18	3	
210	4	5	2	4	10	5	12	3	
947	3	6	4	3	10	4	12	3	5	14	3	6	16	3	
330	5	3	3	5	10	4	12	3	3	14	3	
453	8	7	5	8	10	9	12	3	10	14	3	6	16	3	7	18	3	
585	5	6	2	5	10	6	12	3	
827	1	4	4	1	10	2	12	3	3	14	3	4	16	3	
77	6	8	4	6	10	10	12	3	9	14	3	8	16	3	
828	7	10	3	7	10	6	12	3	10	14	3	
948	1	5	5	1	10	2	12	3	3	14	3	4	16	3	5	18	3	
211	3	10	5	3	10	4	12	3	5	14	3	6	16	3	10	18	3	
331	2	9	3	2	10	8	12	3	9	14	3	
212	8	4	4	8	10	2	12	3	3	14	3	4	16	3	
586	10	1	5	10	10	9	12	3	8	14	3	2	16	3	1	18	3	
698	10	3	5	10	10	6	12	3	5	14	3	4	16	3	3	18	3	
587	2	6	5	2	10	8	12	3	9	14	3	10	16	3	6	18	3	
78	3	6	4	3	10	4	12	3	5	14	3	6	16	3	
949	1	10	5	1	10	2	12	3	8	14	3	9	16	3	10	18	3	
454	1	8	3	1	10	2	12	3	8	14	3	
950	4	8	4	4	10	3	12	3	2	14	3	8	16	3	
213	10	4	4	10	10	6	12	3	5	14	3	4	16	3	
951	1	6	6	1	10	2	12	3	8	14	3	9	16	3	10	18	3	6	20	3	
699	6	1	6	6	10	10	12	3	9	14	3	8	16	3	2	18	3	1	20	3	
952	1	6	6	1	10	2	12	3	8	14	3	9	16	3	10	18	3	6	20	3	
79	7	1	7	7	10	6	12	3	10	14	3	9	16	3	8	18	3	2	20	3	1	22	3	
332	10	7	3	10	10	6	12	3	7	14	3	
455	10	2	4	10	10	9	12	3	8	14	3	2	16	3	
829	3	2	2	3	10	2	12	3	
456	2	10	4	2	10	8	12	3	9	14	3	10	16	3	
588	4	10	4	4	10	5	12	3	6	14	3	10	16	3	
700	4	8	4	4	10	3	12	3	2	14	3	8	16	3	
953	9	7	4	9	10	10	12	3	6	14	3	7	16	3	
80	2	8	2	2	10	8	12	3	
954	5	1	5	5	10	4	12	3	3	14	3	2	16	3	1	18	3	
214	1	4	4	1	10	2	12	3	3	14	3	4	16	3	
830	10	7	3	10	10	6	12	3	7	14	3	
215	8	3	3	8	10	2	12	3	3	14	3	
831	1	4	4	1	10	2	12	3	3	14	3	4	16	3	
216	10	5	3	10	10	6	12	3	5	14	3	
333	4	6	3	4	10	5	12	3	6	14	3	
81	2	7	6	2	10	8	12	3	9	14	3	10	16	3	6	18	3	7	20	3	
955	5	3	3	5	10	4	12	3	3	14	3	
82	7	2	6	7	10	6	12	3	10	14	3	9	16	3	8	18	3	2	20	3	
956	4	3	2	4	10	3	12	3	
701	1	2	2	1	10	2	12	3	
832	4	2	3	4	10	3	12	3	2	14	3	
702	6	2	5	6	10	10	12	3	9	14	3	8	16	3	2	18	3	
334	1	10	5	1	10	2	12	3	8	14	3	9	16	3	10	18	3	
457	2	8	2	2	10	8	12	3	
589	3	5	3	3	10	4	12	3	5	14	3	
458	6	4	3	6	10	5	12	3	4	14	3	
590	5	6	2	5	10	6	12	3	
217	1	9	4	1	10	2	12	3	8	14	3	9	16	3	
703	9	5	4	9	10	10	12	3	6	14	3	5	16	3	
218	7	4	4	7	10	6	12	3	5	14	3	4	16	3	
335	1	6	6	1	10	2	12	3	8	14	3	9	16	3	10	18	3	6	20	3	
83	6	3	4	6	10	5	12	3	4	14	3	3	16	3	
957	7	1	7	7	10	6	12	3	10	14	3	9	16	3	8	18	3	2	20	3	1	22	3	
84	1	7	7	1	10	2	12	3	8	14	3	9	16	3	10	18	3	6	20	3	7	22	3	
958	7	5	3	7	10	6	12	3	5	14	3	
85	2	10	4	2	10	8	12	3	9	14	3	10	16	3	
219	10	8	3	10	10	9	12	3	8	14	3	
704	4	7	4	4	10	5	12	3	6	14	3	7	16	3	
220	2	3	2	2	10	3	12	3	
459	9	2	3	9	10	8	12	3	2	14	3	
221	1	7	7	1	10	2	12	3	8	14	3	9	16	3	10	18	3	6	20	3	7	22	3	
833	9	4	5	9	10	10	12	3	6	14	3	5	16	3	4	18	3	
959	5	6	2	5	10	6	12	3	
86	10	5	3	10	10	6	12	3	5	14	3	
336	1	3	3	1	10	2	12	3	3	14	3	
705	1	5	5	1	10	2	12	3	3	14	3	4	16	3	5	18	3	
591	2	3	2	2	10	3	12	3	
460	7	4	4	7	10	6	12	3	5	14	3	4	16	3	
222	9	2	3	9	10	8	12	3	2	14	3	
461	4	8	4	4	10	3	12	3	2	14	3	8	16	3	
960	2	8	2	2	10	8	12	3	
462	9	6	3	9	10	10	12	3	6	14	3	
337	6	5	2	6	10	5	12	3	
961	5	2	4	5	10	4	12	3	3	14	3	2	16	3	
338	1	5	5	1	10	2	12	3	3	14	3	4	16	3	5	18	3	
834	5	4	2	5	10	4	12	3	
223	1	5	5	1	10	2	12	3	3	14	3	4	16	3	5	18	3	
87	8	9	2	8	10	9	12	3	
463	9	8	2	9	10	8	12	3	
706	5	3	3	5	10	4	12	3	3	14	3	
464	10	3	5	10	10	6	12	3	5	14	3	4	16	3	3	18	3	
962	1	3	3	1	10	2	12	3	3	14	3	
339	9	10	2	9	10	10	12	3	
835	2	8	2	2	10	8	12	3	
340	10	5	3	10	10	6	12	3	5	14	3	
836	9	8	2	9	10	8	12	3	
592	3	5	3	3	10	4	12	3	5	14	3	
707	5	2	4	5	10	4	12	3	3	14	3	2	16	3	
465	8	1	3	8	10	2	12	3	1	14	3	
963	1	9	4	1	10	2	12	3	8	14	3	9	16	3	
224	9	10	2	9	10	10	12	3	
88	7	6	2	7	10	6	12	3	
341	7	1	7	7	10	6	12	3	10	14	3	9	16	3	8	18	3	2	20	3	1	22	3	
89	4	7	4	4	10	5	12	3	6	14	3	7	16	3	
593	2	5	4	2	10	3	12	3	4	14	3	5	16	3	
708	1	2	2	1	10	2	12	3	
466	4	9	5	4	10	5	12	3	6	14	3	10	16	3	9	18	3	
709	2	3	2	2	10	3	12	3	
225	8	5	5	8	10	9	12	3	10	14	3	6	16	3	5	18	3	
837	9	4	5	9	10	10	12	3	6	14	3	5	16	3	4	18	3	
226	2	6	5	2	10	8	12	3	9	14	3	10	16	3	6	18	3	
90	9	2	3	9	10	8	12	3	2	14	3	
594	2	9	3	2	10	8	12	3	9	14	3	
964	2	1	2	2	10	1	12	3	
710	2	1	2	2	10	1	12	3	
467	3	7	5	3	10	4	12	3	5	14	3	6	16	3	7	18	3	
342	2	7	6	2	10	8	12	3	9	14	3	10	16	3	6	18	3	7	20	3	
838	3	9	4	3	10	2	12	3	8	14	3	9	16	3	
343	9	2	3	9	10	8	12	3	2	14	3	
91	2	3	2	2	10	3	12	3	
595	8	9	2	8	10	9	12	3	
965	10	6	2	10	10	6	12	3	
596	10	8	3	10	10	9	12	3	8	14	3	
966	2	4	3	2	10	3	12	3	4	14	3	
597	5	10	3	5	10	6	12	3	10	14	3	
839	2	7	6	2	10	8	12	3	9	14	3	10	16	3	6	18	3	7	20	3	
344	4	2	3	4	10	3	12	3	2	14	3	
840	3	7	5	3	10	4	12	3	5	14	3	6	16	3	7	18	3	
711	8	2	2	8	10	2	12	3	
468	1	10	5	1	10	2	12	3	8	14	3	9	16	3	10	18	3	
712	4	8	4	4	10	3	12	3	2	14	3	8	16	3	
967	5	9	4	5	10	6	12	3	10	14	3	9	16	3	
598	6	8	4	6	10	10	12	3	9	14	3	8	16	3	
92	6	3	4	6	10	5	12	3	4	14	3	3	16	3	
345	4	10	4	4	10	5	12	3	6	14	3	10	16	3	
93	7	2	6	7	10	6	12	3	10	14	3	9	16	3	8	18	3	2	20	3	
227	5	8	5	5	10	6	12	3	10	14	3	9	16	3	8	18	3	
469	5	9	4	5	10	6	12	3	10	14	3	9	16	3	
713	10	4	4	10	10	6	12	3	5	14	3	4	16	3	
470	8	2	2	8	10	2	12	3	
968	4	5	2	4	10	5	12	3	
714	1	9	4	1	10	2	12	3	8	14	3	9	16	3	
841	6	5	2	6	10	5	12	3	
346	1	7	7	1	10	2	12	3	8	14	3	9	16	3	10	18	3	6	20	3	7	22	3	
842	3	10	5	3	10	4	12	3	5	14	3	6	16	3	10	18	3	
228	9	10	2	9	10	10	12	3	
471	7	9	4	7	10	6	12	3	10	14	3	9	16	3	
599	4	6	3	4	10	5	12	3	6	14	3	
472	7	8	5	7	10	6	12	3	10	14	3	9	16	3	8	18	3	
600	3	4	2	3	10	4	12	3	
473	8	3	3	8	10	2	12	3	3	14	3	
601	3	4	2	3	10	4	12	3	
843	7	6	2	7	10	6	12	3	
602	10	3	5	10	10	6	12	3	5	14	3	4	16	3	3	18	3	
969	3	7	5	3	10	4	12	3	5	14	3	6	16	3	7	18	3	
715	6	7	2	6	10	7	12	3	
970	7	3	5	7	10	6	12	3	5	14	3	4	16	3	3	18	3	
347	5	2	4	5	10	4	12	3	3	14	3	2	16	3	
474	8	4	4	8	10	2	12	3	3	14	3	4	16	3	
348	2	10	4	2	10	8	12	3	9	14	3	10	16	3	
844	3	7	5	3	10	4	12	3	5	14	3	6	16	3	7	18	3	
603	6	2	5	6	10	10	12	3	9	14	3	8	16	3	2	18	3	
94	8	6	4	8	10	9	12	3	10	14	3	6	16	3	
716	3	9	4	3	10	2	12	3	8	14	3	9	16	3	
971	2	6	5	2	10	8	12	3	9	14	3	10	16	3	6	18	3	
717	4	1	4	4	10	3	12	3	2	14	3	1	16	3	
475	1	10	5	1	10	2	12	3	8	14	3	9	16	3	10	18	3	
718	6	3	4	6	10	5	12	3	4	14	3	3	16	3	
476	6	7	2	6	10	7	12	3	
719	6	4	3	6	10	5	12	3	4	14	3	
95	9	3	4	9	10	8	12	3	2	14	3	3	16	3	
229	2	1	2	2	10	1	12	3	
96	5	2	4	5	10	4	12	3	3	14	3	2	16	3	
230	6	10	2	6	10	10	12	3	
845	4	6	3	4	10	5	12	3	6	14	3	
604	3	10	5	3	10	4	12	3	5	14	3	6	16	3	10	18	3	
846	6	7	2	6	10	7	12	3	
720	4	6	3	4	10	5	12	3	6	14	3	
972	6	5	2	6	10	5	12	3	
349	2	4	3	2	10	3	12	3	4	14	3	
97	8	6	4	8	10	9	12	3	10	14	3	6	16	3	
231	4	3	2	4	10	3	12	3	
477	3	10	5	3	10	4	12	3	5	14	3	6	16	3	10	18	3	
232	1	6	6	1	10	2	12	3	8	14	3	9	16	3	10	18	3	6	20	3	
847	10	4	4	10	10	6	12	3	5	14	3	4	16	3	
233	5	9	4	5	10	6	12	3	10	14	3	9	16	3	
848	10	6	2	10	10	6	12	3	
234	10	7	3	10	10	6	12	3	7	14	3	
98	7	9	4	7	10	6	12	3	10	14	3	9	16	3	
605	1	6	6	1	10	2	12	3	8	14	3	9	16	3	10	18	3	6	20	3	
99	2	4	3	2	10	3	12	3	4	14	3	
721	7	10	3	7	10	6	12	3	10	14	3	
973	4	10	4	4	10	5	12	3	6	14	3	10	16	3	
350	8	7	5	8	10	9	12	3	10	14	3	6	16	3	7	18	3	
974	9	4	5	9	10	10	12	3	6	14	3	5	16	3	4	18	3	
235	1	3	3	1	10	2	12	3	3	14	3	
975	1	10	5	1	10	2	12	3	8	14	3	9	16	3	10	18	3	
236	5	4	2	5	10	4	12	3	
100	9	3	4	9	10	8	12	3	2	14	3	3	16	3	
722	2	6	5	2	10	8	12	3	9	14	3	10	16	3	6	18	3	
849	7	6	2	7	10	6	12	3	
351	2	4	3	2	10	3	12	3	4	14	3	
850	3	6	4	3	10	4	12	3	5	14	3	6	16	3	
606	3	6	4	3	10	4	12	3	5	14	3	6	16	3	
851	6	4	3	6	10	5	12	3	4	14	3	
607	8	9	2	8	10	9	12	3	
852	2	4	3	2	10	3	12	3	4	14	3	
723	6	7	2	6	10	7	12	3	
478	6	2	5	6	10	10	12	3	9	14	3	8	16	3	2	18	3	
352	8	5	5	8	10	9	12	3	10	14	3	6	16	3	5	18	3	
976	3	6	4	3	10	4	12	3	5	14	3	6	16	3	
353	2	6	5	2	10	8	12	3	9	14	3	10	16	3	6	18	3	
101	4	5	2	4	10	5	12	3	
354	2	4	3	2	10	3	12	3	4	14	3	
608	9	5	4	9	10	10	12	3	6	14	3	5	16	3	
724	9	6	3	9	10	10	12	3	6	14	3	
609	5	1	5	5	10	4	12	3	3	14	3	2	16	3	1	18	3	
237	10	7	3	10	10	6	12	3	7	14	3	
977	6	4	3	6	10	5	12	3	4	14	3	
853	2	1	2	2	10	1	12	3	
102	4	2	3	4	10	3	12	3	2	14	3	
854	6	8	4	6	10	10	12	3	9	14	3	8	16	3	
479	7	4	4	7	10	6	12	3	5	14	3	4	16	3	
855	9	7	4	9	10	10	12	3	6	14	3	7	16	3	
610	8	10	3	8	10	9	12	3	10	14	3	
238	8	2	2	8	10	2	12	3	
611	9	4	5	9	10	10	12	3	6	14	3	5	16	3	4	18	3	
355	1	10	5	1	10	2	12	3	8	14	3	9	16	3	10	18	3	
612	2	5	4	2	10	3	12	3	4	14	3	5	16	3	
725	6	4	3	6	10	5	12	3	4	14	3	
480	10	1	5	10	10	9	12	3	8	14	3	2	16	3	1	18	3	
856	5	2	4	5	10	4	12	3	3	14	3	2	16	3	
481	4	8	4	4	10	3	12	3	2	14	3	8	16	3	
239	3	1	3	3	10	2	12	3	1	14	3	
482	5	3	3	5	10	4	12	3	3	14	3	
240	2	3	2	2	10	3	12	3	
483	9	5	4	9	10	10	12	3	6	14	3	5	16	3	
726	10	7	3	10	10	6	12	3	7	14	3	
978	2	7	6	2	10	8	12	3	9	14	3	10	16	3	6	18	3	7	20	3	
857	3	7	5	3	10	4	12	3	5	14	3	6	16	3	7	18	3	
979	4	8	4	4	10	3	12	3	2	14	3	8	16	3	
858	1	2	2	1	10	2	12	3	
613	1	3	3	1	10	2	12	3	3	14	3	
241	8	5	5	8	10	9	12	3	10	14	3	6	16	3	5	18	3	
614	2	6	5	2	10	8	12	3	9	14	3	10	16	3	6	18	3	
727	1	2	2	1	10	2	12	3	
615	1	7	7	1	10	2	12	3	8	14	3	9	16	3	10	18	3	6	20	3	7	22	3	
356	8	7	5	8	10	9	12	3	10	14	3	6	16	3	7	18	3	
859	1	2	2	1	10	2	12	3	
357	3	7	5	3	10	4	12	3	5	14	3	6	16	3	7	18	3	
484	9	5	4	9	10	10	12	3	6	14	3	5	16	3	
242	9	4	5	9	10	10	12	3	6	14	3	5	16	3	4	18	3	
485	7	4	4	7	10	6	12	3	5	14	3	4	16	3	
728	10	9	2	10	10	9	12	3	
486	7	1	7	7	10	6	12	3	10	14	3	9	16	3	8	18	3	2	20	3	1	22	3	
980	6	1	6	6	10	10	12	3	9	14	3	8	16	3	2	18	3	1	20	3	
358	3	4	2	3	10	4	12	3	
860	10	8	3	10	10	9	12	3	8	14	3	
359	3	8	3	3	10	2	12	3	8	14	3	
243	6	2	5	6	10	10	12	3	9	14	3	8	16	3	2	18	3	
616	5	4	2	5	10	4	12	3	
729	7	8	5	7	10	6	12	3	10	14	3	9	16	3	8	18	3	
487	6	9	3	6	10	10	12	3	9	14	3	
981	2	4	3	2	10	3	12	3	4	14	3	
103	4	2	3	4	10	3	12	3	2	14	3	
982	2	6	5	2	10	8	12	3	9	14	3	10	16	3	6	18	3	
360	2	9	3	2	10	8	12	3	9	14	3	
244	1	8	3	1	10	2	12	3	8	14	3	
617	9	6	3	9	10	10	12	3	6	14	3	
245	5	1	5	5	10	4	12	3	3	14	3	2	16	3	1	18	3	
618	8	2	2	8	10	2	12	3	
861	5	8	5	5	10	6	12	3	10	14	3	9	16	3	8	18	3	
246	5	8	5	5	10	6	12	3	10	14	3	9	16	3	8	18	3	
983	3	9	4	3	10	2	12	3	8	14	3	9	16	3	
361	4	5	2	4	10	5	12	3	
730	9	5	4	9	10	10	12	3	6	14	3	5	16	3	
488	1	3	3	1	10	2	12	3	3	14	3	
619	8	10	3	8	10	9	12	3	10	14	3	
104	4	8	4	4	10	3	12	3	2	14	3	8	16	3	
862	8	9	2	8	10	9	12	3	
105	10	4	4	10	10	6	12	3	5	14	3	4	16	3	
984	5	4	2	5	10	4	12	3	
106	3	10	5	3	10	4	12	3	5	14	3	6	16	3	10	18	3	
985	5	4	2	5	10	4	12	3	
489	2	3	2	2	10	3	12	3	
620	10	6	2	10	10	6	12	3	
247	1	10	5	1	10	2	12	3	8	14	3	9	16	3	10	18	3	
863	2	9	3	2	10	8	12	3	9	14	3	
362	7	6	2	7	10	6	12	3	
731	4	1	4	4	10	3	12	3	2	14	3	1	16	3	
363	9	4	5	9	10	10	12	3	6	14	3	5	16	3	4	18	3	
986	2	8	2	2	10	8	12	3	
364	10	8	3	10	10	9	12	3	8	14	3	
621	6	4	3	6	10	5	12	3	4	14	3	
365	3	7	5	3	10	4	12	3	5	14	3	6	16	3	7	18	3	
864	4	7	4	4	10	5	12	3	6	14	3	7	16	3	
622	8	3	3	8	10	2	12	3	3	14	3	
865	4	6	3	4	10	5	12	3	6	14	3	
623	5	3	3	5	10	4	12	3	3	14	3	
987	7	8	5	7	10	6	12	3	10	14	3	9	16	3	8	18	3	
248	5	6	2	5	10	6	12	3	
366	10	5	3	10	10	6	12	3	5	14	3	
249	2	6	5	2	10	8	12	3	9	14	3	10	16	3	6	18	3	
367	2	8	2	2	10	8	12	3	
490	2	7	6	2	10	8	12	3	9	14	3	10	16	3	6	18	3	7	20	3	
368	4	10	4	4	10	5	12	3	6	14	3	10	16	3	
624	6	9	3	6	10	10	12	3	9	14	3	
988	8	9	2	8	10	9	12	3	
107	7	10	3	7	10	6	12	3	10	14	3	
732	9	4	5	9	10	10	12	3	6	14	3	5	16	3	4	18	3	
866	1	7	7	1	10	2	12	3	8	14	3	9	16	3	10	18	3	6	20	3	7	22	3	
491	3	7	5	3	10	4	12	3	5	14	3	6	16	3	7	18	3	
867	4	7	4	4	10	5	12	3	6	14	3	7	16	3	
492	3	2	2	3	10	2	12	3	
108	4	5	2	4	10	5	12	3	
733	9	7	4	9	10	10	12	3	6	14	3	7	16	3	
369	8	2	2	8	10	2	12	3	
734	9	7	4	9	10	10	12	3	6	14	3	7	16	3	
868	3	8	3	3	10	2	12	3	8	14	3	
735	6	3	4	6	10	5	12	3	4	14	3	3	16	3	
869	7	10	3	7	10	6	12	3	10	14	3	
736	4	5	2	4	10	5	12	3	
870	3	4	2	3	10	4	12	3	
493	3	2	2	3	10	2	12	3	
109	1	4	4	1	10	2	12	3	3	14	3	4	16	3	
989	6	10	2	6	10	10	12	3	
370	7	4	4	7	10	6	12	3	5	14	3	4	16	3	
737	4	7	4	4	10	5	12	3	6	14	3	7	16	3	
371	4	10	4	4	10	5	12	3	6	14	3	10	16	3	
494	4	6	3	4	10	5	12	3	6	14	3	
110	5	3	3	5	10	4	12	3	3	14	3	
990	6	5	2	6	10	5	12	3	
871	6	8	4	6	10	10	12	3	9	14	3	8	16	3	
738	1	5	5	1	10	2	12	3	3	14	3	4	16	3	5	18	3	
372	9	3	4	9	10	8	12	3	2	14	3	3	16	3	
495	10	7	3	10	10	6	12	3	7	14	3	
111	2	3	2	2	10	3	12	3	
496	6	2	5	6	10	10	12	3	9	14	3	8	16	3	2	18	3	
872	5	9	4	5	10	6	12	3	10	14	3	9	16	3	
739	10	1	5	10	10	9	12	3	8	14	3	2	16	3	1	18	3	
373	8	3	3	8	10	2	12	3	3	14	3	
991	2	4	3	2	10	3	12	3	4	14	3	
374	4	9	5	4	10	5	12	3	6	14	3	10	16	3	9	18	3	
112	3	7	5	3	10	4	12	3	5	14	3	6	16	3	7	18	3	
873	7	10	3	7	10	6	12	3	10	14	3	
113	5	2	4	5	10	4	12	3	3	14	3	2	16	3	
497	8	1	3	8	10	2	12	3	1	14	3	
992	5	7	3	5	10	6	12	3	7	14	3	
740	9	2	3	9	10	8	12	3	2	14	3	
114	10	6	2	10	10	6	12	3	
874	6	5	2	6	10	5	12	3	
115	6	8	4	6	10	10	12	3	9	14	3	8	16	3	
993	3	8	3	3	10	2	12	3	8	14	3	
741	3	5	3	3	10	4	12	3	5	14	3	
994	2	10	4	2	10	8	12	3	9	14	3	10	16	3	
742	9	8	2	9	10	8	12	3	
498	4	5	2	4	10	5	12	3	
116	10	7	3	10	10	6	12	3	7	14	3	
995	2	3	2	2	10	3	12	3	
117	10	9	2	10	10	9	12	3	
996	7	6	2	7	10	6	12	3	
743	2	1	2	2	10	1	12	3	
499	6	5	2	6	10	5	12	3	
118	9	5	4	9	10	10	12	3	6	14	3	5	16	3	
997	3	7	5	3	10	4	12	3	5	14	3	6	16	3	7	18	3	
119	8	6	4	8	10	9	12	3	10	14	3	6	16	3	
744	10	9	2	10	10	9	12	3	
998	6	4	3	6	10	5	12	3	4	14	3	
120	3	7	5	3	10	4	12	3	5	14	3	6	16	3	7	18	3	
745	8	7	5	8	10	9	12	3	10	14	3	6	16	3	7	18	3	
999	1	10	5	1	10	2	12	3	8	14	3	9	16	3	10	18	3	
746	5	9	4	5	10	6	12	3	10	14	3	9	16	3	
121	2	9	3	2	10	8	12	3	9	14	3	
747	1	8	3	1	10	2	12	3	8	14	3	
122	7	4	4	7	10	6	12	3	5	14	3	4	16	3	
748	10	6	2	10	10	6	12	3	
123	6	1	6	6	10	10	12	3	9	14	3	8	16	3	2	18	3	1	20	3	
749	2	8	2	2	10	8	12	3	
124	4	6	3	4	10	5	12	3	6	14	3	
