100206696	98421237	98421029	31080.0	0
100206696	98421029	995999932	57600.0	0
100206696	995999932	98421237	60300.0	0
100206697	98421237	25129230	30020.0	0
100206697	25129230	98421237	42765.0	0
100206697	98421237	98420728	48414.0	0
100206697	98420728	1118952070	54000.0	0
100206697	1118952070	98421237	55860.0	0
100206697	98421237	98421029	61020.0	0
100206697	98421029	98421237	77420.0	0
100206699	1095031643	25129212	21300.0	0
100206699	25129212	25127801	38605.0	0
100206699	25127801	25127862	42272.0	0
100206699	25127862	98413757	58200.0	0
100206699	98413757	1095031643	59400.0	0
100206699	1095031643	25127862	60720.0	0
100206699	25127862	1095031643	64320.0	0
100206700	98420678	98418993	48600.0	0
100206700	98418993	98420678	54600.0	0
100206700	98420678	25279377	60300.0	0
100206700	25279377	98420678	66000.0	0
100206701	98420678	25290711	26100.0	0
100206701	25290711	98420678	71100.0	0
100206702	98420678	25113743	37324.0	0
100206702	25113743	98420678	44058.0	0
100206703	98420678	1095094551	27600.0	0
100206703	1095094551	25128583	31500.0	0
100206703	25128583	1125151271	38700.0	0
100206703	1125151271	98420678	45000.0	0
100206704	98420596	25128527	42300.0	0
100206704	25128527	98420596	43620.0	0
100206705	98420596	25124799	25500.0	0
100206705	25124799	98420596	60310.0	0
100206705	98420596	968696644	64800.0	0
100206705	968696644	98420596	69900.0	0
100206706	98420596	837004066	66600.0	0
100206706	837004066	98420596	75600.0	0
100206707	98420183	25125771	19800.0	0
100206707	25125771	25290022	55200.0	0
100206707	25290022	98420183	60600.0	0
100206708	98420183	837372063	27851.0	0
100206708	837372063	25128025	29700.0	0
100206708	25128025	826994332	46800.0	0
100206708	826994332	98420183	47880.0	0
100206708	98420183	1095107164	60660.0	0
100206708	1095107164	98420183	61500.0	0
100206709	98421224	1039616935	42300.0	0
100206709	1039616935	25129231	49991.0	0
100206709	25129231	98413740	51252.0	0
100206709	98413740	98421224	79200.0	0
100206711	98419998	25288893	47700.0	0
100206711	25288893	25290821	67188.0	0
100206711	25290821	848561009	69538.0	0
100206711	848561009	98419998	75600.0	0
100206713	98419998	968696546	16800.0	0
100206713	968696546	98419998	52200.0	0
100206714	98419998	98416490	30600.0	0
100206714	98416490	98419998	36000.0	0
100206714	98419998	98421029	40500.0	0
100206714	98421029	98419998	72000.0	0
100206715	98419998	98419638	30900.0	0
100206715	98419638	98419998	54000.0	0
100206716	98419998	25116696	43200.0	0
100206716	25116696	98419998	54000.0	0
100206717	98419998	25129241	23400.0	0
100206717	25129241	98419998	55800.0	0
100206718	98419958	826485103	27000.0	0
100206718	826485103	98419958	50400.0	0
100206718	98419958	25289628	64800.0	0
100206718	25289628	98419958	68760.0	0
100206719	98419958	98417053	24000.0	0
100206719	98417053	98419958	63900.0	0
100206719	98419958	98417712	67200.0	0
100206719	98417712	98419958	70200.0	0
100206720	98419958	25112832	31500.0	0
100206720	25112832	98419958	56100.0	0
100206721	98420352	855079371	28200.0	0
100206721	855079371	25293275	30600.0	0
100206721	25293275	98420352	31500.0	0
100206721	98420352	968696570	33900.0	0
100206721	968696570	98420352	50400.0	0
100206721	98420352	98419651	61620.0	0
100206721	98419651	98420352	65520.0	0
100206722	98420212	25126737	30000.0	0
100206722	25126737	25125240	43924.0	0
100206722	25125240	98405277	44913.0	0
100206722	98405277	98420212	60300.0	0
100206723	98420212	25124444	28800.0	0
100206723	25124444	98420212	64800.0	0
100206724	98420212	1094720367	56700.0	0
100206724	1094720367	98420212	58200.0	0
100206725	98420601	25129056	29640.0	0
100206725	25129056	98420601	45840.0	0
100206726	98420664	878524886	40080.0	0
100206726	878524886	98420664	42780.0	0
100206727	98420664	855079371	30600.0	0
100206727	855079371	98420664	35400.0	0
100206727	98420664	25129231	54000.0	0
100206727	25129231	98420664	57000.0	0
100206729	98420664	25128472	28869.0	0
100206729	25128472	98420664	47629.0	0
100206729	98420664	25115809	50400.0	0
100206729	25115809	98420664	57600.0	0
100206729	98420664	25143347	62903.0	0
100206729	25143347	98420664	73815.0	0
100206730	98420229	1136609408	47562.0	0
100206730	1136609408	98420229	52913.0	0
100206730	98420229	98391211	64227.0	0
100206730	98391211	98420229	66820.0	0
100206730	98420229	98418973	70560.0	0
100206730	98418973	98420229	78000.0	0
100206731	98420229	98395968	25200.0	0
100206731	98395968	98417753	54000.0	0
100206731	98417753	98420229	57900.0	0
100206731	98420229	968149434	73800.0	0
100206731	968149434	98420229	84180.0	0
100206732	98420601	19461222	27000.0	0
100206732	19461222	98420601	66900.0	0
100206735	98420392	1039616935	28200.0	0
100206735	1039616935	1094837452	46200.0	0
100206735	1094837452	25128025	47700.0	0
100206735	25128025	98420392	55800.0	0
100206735	98420392	25113691	62100.0	0
100206735	25113691	98420392	67011.0	0
100206736	98420392	25129056	27000.0	0
100206736	25129056	98420392	28500.0	0
100206736	98420392	968696623	51600.0	0
100206736	968696623	98420392	55800.0	0
100206737	98420392	25279377	42540.0	0
100206737	25279377	25289071	43260.0	0
100206737	25289071	98395969	44100.0	0
100206737	98395969	1039982431	45000.0	0
100206737	1039982431	98420392	46020.0	0
100206737	98420392	25128116	55440.0	0
100206737	25128116	98420392	60000.0	0
100206738	98420392	968696570	38400.0	0
100206738	968696570	855079370	44400.0	0
100206738	855079370	98420392	48600.0	0
100206739	98420290	25129056	29640.0	0
100206739	25129056	98420290	45840.0	0
100206740	98420615	878524886	35279.0	0
100206740	878524886	98420615	39658.0	0
100206741	98420615	25126701	39600.0	0
100206741	25126701	98420615	46800.0	0
100206741	98420615	25118187	59400.0	0
100206741	25118187	98420615	68400.0	0
100206742	98420392	968696644	24686.0	0
100206742	968696644	98420392	32183.0	0
100206742	98420392	1095768824	43200.0	0
100206742	1095768824	98412042	45660.0	0
100206742	98412042	968696638	48360.0	0
100206742	968696638	98420392	51060.0	0
100206742	98420392	98417712	64929.0	0
100206742	98417712	98420392	70855.0	0
100206742	98420392	968676952	72120.0	0
100206742	968676952	98420392	76620.0	0
100206744	98420267	25148121	23400.0	0
100206744	25148121	98420267	68400.0	0
100206745	98420267	25127383	22500.0	0
100206745	25127383	98420267	57600.0	0
100206746	98420623	25290174	32400.0	0
100206746	25290174	98420623	64800.0	0
100206747	98420623	996938782	42300.0	0
100206747	996938782	98420623	66600.0	0
100206749	98420954	842901168	25800.0	0
100206749	842901168	98420954	27600.0	0
100206749	98420954	25129056	52200.0	0
100206749	25129056	98420954	54000.0	0
100206750	98420379	25129202	28800.0	0
100206750	25129202	98420379	61200.0	0
100206751	98420379	303623225	22800.0	0
100206751	303623225	968696451	48600.0	0
100206751	968696451	98420379	53700.0	0
100206752	98420379	98418425	26400.0	0
100206752	98418425	98420379	54000.0	0
100206753	98419968	25128555	21203.0	0
100206753	25128555	25289450	25200.0	0
100206753	25289450	98419968	50400.0	0
100206755	98419968	25152023	27000.0	0
100206755	25152023	98419968	53100.0	0
100206755	98419968	219856936	66300.0	0
100206755	219856936	98419968	71400.0	0
100206756	98419968	98417712	25200.0	0
100206756	98417712	1095094551	29400.0	0
100206756	1095094551	98419968	54600.0	0
100206757	98420321	98395943	31500.0	0
100206757	98395943	98420321	69000.0	0
100206758	98420321	25297139	31500.0	0
100206758	25297139	98420321	61200.0	0
100206759	98420321	851367501	29400.0	0
100206759	851367501	98420321	54300.0	0
100206759	98420321	25128106	65100.0	0
100206759	25128106	98420321	71700.0	0
100206760	98420321	1094837455	32400.0	0
100206760	1094837455	98420321	41400.0	0
100206761	98420229	25120526	33900.0	0
100206761	25120526	990254627	44801.0	0
100206761	990254627	25286386	49500.0	0
100206761	25286386	98420229	64800.0	0
100206762	98420678	25129225	39600.0	0
100206762	25129225	98420678	46800.0	0
100206762	98420678	826485103	59400.0	0
100206762	826485103	98420678	68400.0	0
100206764	98420678	25128903	29400.0	0
100206764	25128903	98420678	35102.0	0
100206764	98420678	25113546	38813.0	0
100206764	25113546	25289375	41700.0	0
100206764	25289375	25295770	49500.0	0
100206764	25295770	98420678	51900.0	0
100206765	98420680	25115385	42120.0	0
100206765	25115385	98420680	50520.0	0
100206766	98420680	25128491	17802.0	0
100206766	25128491	98420680	21413.0	0
100206767	98420680	25120336	35400.0	0
100206767	25120336	98420680	38700.0	0
100206767	98420680	25141890	66600.0	0
100206767	25141890	98420680	68400.0	0
100206768	98420232	25289219	42625.0	0
100206768	25289219	98420232	46717.0	0
100206769	98420232	98441787	31500.0	0
100206769	98441787	98420232	56700.0	0
100206770	98420232	825277103	24300.0	0
100206770	825277103	25128491	32400.0	0
100206770	25128491	98417053	41400.0	0
100206770	98417053	98420232	52500.0	0
100206770	98420232	98418894	61200.0	0
100206770	98418894	98420232	63600.0	0
100206770	98420232	825384464	64800.0	0
100206770	825384464	25279377	72900.0	0
100206770	25279377	1104791218	75600.0	0
100206770	1104791218	98420232	77400.0	0
100206771	98420232	25112832	24000.0	0
100206771	25112832	98420232	39600.0	0
100206771	98420232	98417021	45600.0	0
100206771	98417021	98420232	54000.0	0
100206771	98420232	98410073	65034.0	0
100206771	98410073	98420232	65971.0	0
100206772	98420232	98417021	27000.0	0
100206772	98417021	98420232	53400.0	0
100206773	98420232	25129245	28200.0	0
100206773	25129245	825277103	43200.0	0
100206773	825277103	98420232	64800.0	0
100206775	98420656	98420712	24604.0	0
100206775	98420712	98420656	26907.0	0
100206775	98420656	848561009	47700.0	0
100206775	848561009	992046295	56700.0	0
100206775	992046295	995999932	60900.0	0
100206775	995999932	25285085	66900.0	0
100206775	25285085	25129230	70200.0	0
100206775	25129230	98420656	71100.0	0
100206776	98420613	25129193	30600.0	0
100206776	25129193	98420613	60300.0	0
100206776	98420613	25284848	63000.0	0
100206776	25284848	98420613	69300.0	0
100206777	98421237	25110968	27600.0	0
100206777	25110968	98421237	52200.0	0
100206778	98421237	98441272	16200.0	0
100206778	98441272	98421237	52200.0	0
100206779	98420940	826466466	45600.0	0
100206779	826466466	98420940	50400.0	0
100206779	98420940	25119561	60900.0	0
100206779	25119561	98420940	81600.0	0
100206780	98421237	25129056	14400.0	0
100206780	25129056	1039878212	48600.0	0
100206780	1039878212	98421237	50400.0	0
100206782	98421237	1094856800	26533.0	0
100206782	1094856800	98394966	28165.0	0
100206782	98394966	98421237	56100.0	0
100206783	98421237	1124122597	29700.0	0
100206783	1124122597	837000530	54600.0	0
100206783	837000530	98421237	60300.0	0
100206783	98421237	25141980	66000.0	0
100206783	25141980	98421237	73200.0	0
100206784	98420310	1095017485	39720.0	0
100206784	1095017485	995999932	40920.0	0
100206784	995999932	335453270	44149.0	0
100206784	335453270	98420310	48480.0	0
100206786	1095031643	25129224	27000.0	0
100206786	25129224	866063303	42900.0	0
100206786	866063303	1095031643	61200.0	0
100206787	1095031643	98391363	25200.0	0
100206787	98391363	1095031643	61200.0	0
100206788	1095031643	844034226	28020.0	0
100206788	844034226	1095031643	55320.0	0
100206789	1095031643	98421324	31500.0	0
100206789	98421324	1095031643	41700.0	0
100206789	1095031643	25115431	67800.0	0
100206789	25115431	1095031643	69000.0	0
100206790	98420689	94273470	26400.0	0
100206790	94273470	995999654	37800.0	0
100206790	995999654	25289210	43200.0	0
100206790	25289210	25128327	52800.0	0
100206790	25128327	25114863	54780.0	0
100206790	25114863	98420689	59400.0	0
100206790	98420689	877106608	64080.0	0
100206790	877106608	98421219	67380.0	0
100206790	98421219	98420689	72480.0	0
100206791	98420689	25127120	57600.0	0
100206791	25127120	98421140	58800.0	0
100206791	98421140	98420689	59700.0	0
100206792	98420689	25289897	27300.0	0
100206792	25289897	25284704	56700.0	0
100206792	25284704	98420689	73800.0	0
100206793	98420292	25128348	22800.0	0
100206793	25128348	992046295	48600.0	0
100206793	992046295	98420292	53700.0	0
100206794	98420292	25128949	21600.0	0
100206794	25128949	98420292	54000.0	0
100206795	98420292	98421324	31800.0	0
100206795	98421324	98420292	56100.0	0
100206796	98420292	25113609	27600.0	0
100206796	25113609	98420292	52200.0	0
100206796	98420292	98418993	62160.0	0
100206796	98418993	25127801	69300.0	0
100206796	25127801	98417893	70800.0	0
100206796	98417893	98420292	77400.0	0
100206797	98420212	98421044	28800.0	0
100206797	98421044	98418894	46800.0	0
100206797	98418894	25143353	49800.0	0
100206797	25143353	25287452	70200.0	0
100206797	25287452	98420212	81000.0	0
100206798	98420212	1103125920	14340.0	0
100206798	1103125920	98420212	25200.0	0
100206799	98420212	25129056	39000.0	0
100206799	25129056	98420212	46800.0	0
100206799	98420212	968703438	48900.0	0
100206799	968703438	25129198	53621.0	0
100206799	25129198	98420212	55920.0	0
100206800	98420392	25129581	38940.0	0
100206800	25129581	98420392	46800.0	0
100206801	98420392	98419638	28800.0	0
100206801	98419638	98420392	63000.0	0
100206801	98420392	25289375	68400.0	0
100206801	25289375	98420392	70800.0	0
100206802	98420392	98419638	26400.0	0
100206802	98419638	98420392	55500.0	0
100206803	98420392	968147630	43500.0	0
100206803	968147630	969671682	44280.0	0
100206803	969671682	968696560	54900.0	0
100206803	968696560	98420392	58920.0	0
100206804	98420022	25123351	25200.0	0
100206804	25123351	98420022	57600.0	0
100206805	98420022	1124200167	25500.0	0
100206805	1124200167	98420022	26700.0	0
100206805	98420022	25123986	51600.0	0
100206805	25123986	98420022	52500.0	0
100206805	98420022	98410873	56400.0	0
100206805	98410873	98420022	62400.0	0
100206806	98420680	990246460	18600.0	0
100206806	990246460	98420680	54000.0	0
100206806	98420680	25139356	61200.0	0
100206806	25139356	98420728	63153.0	0
100206806	98420728	25128116	65880.0	0
100206806	25128116	98420680	69480.0	0
100206807	98420680	25123098	47100.0	0
100206807	25123098	25288986	49800.0	0
100206807	25288986	98420680	53100.0	0
100206808	98420680	25124407	56700.0	0
100206808	25124407	98420680	59400.0	0
100206808	98420680	25124405	70800.0	0
100206808	25124405	98420680	72600.0	0
100206809	98420680	1119406500	35100.0	0
100206809	1119406500	98413757	53100.0	0
100206809	98413757	98420680	59400.0	0
100206809	98420680	98421001	71100.0	0
100206809	98421001	98420680	75900.0	0
100206810	98420680	25113665	37200.0	0
100206810	25113665	915072346	38700.0	0
100206810	915072346	1094894776	41100.0	0
100206810	1094894776	98420680	43200.0	0
100206810	98420680	968149514	54000.0	0
100206810	968149514	98416882	55200.0	0
100206810	98416882	98420680	58800.0	0
100206811	98420680	827007477	34800.0	0
100206811	827007477	25114699	40693.0	0
100206811	25114699	98420680	47280.0	0
100206812	98420352	98404058	42300.0	0
100206812	98404058	98420352	75600.0	0
100206813	98420352	25127801	39600.0	0
100206813	25127801	1039878212	46800.0	0
100206813	1039878212	98420352	54900.0	0
100206814	98420352	98413602	36600.0	0
100206814	98413602	98420352	41700.0	0
100206814	98420352	1095094551	61500.0	0
100206814	1095094551	98420352	72000.0	0
100206815	98420352	98421324	28500.0	0
100206815	98421324	98420352	54000.0	0
100206816	98420642	826994332	34500.0	0
100206816	826994332	25113665	36300.0	0
100206816	25113665	98420642	37800.0	0
100206818	98420642	25124408	38100.0	0
100206818	25124408	25129203	47100.0	0
100206818	25129203	25124456	54600.0	0
100206818	25124456	98420642	57000.0	0
100206820	98420218	878524886	13500.0	0
100206820	878524886	98420218	14340.0	0
100206820	98420218	98413778	37800.0	0
100206820	98413778	878524886	45600.0	0
100206820	878524886	98420218	48900.0	0
100206821	98420016	19461220	16800.0	0
100206821	19461220	995999932	21600.0	0
100206821	995999932	25274793	57600.0	0
100206821	25274793	19461222	60300.0	0
100206821	19461222	98420016	73800.0	0
100206823	98420016	25283209	28500.0	0
100206823	25283209	98420016	39300.0	0
100206823	98420016	1119406500	41700.0	0
100206823	1119406500	98420016	52500.0	0
100206823	98420016	968149514	53981.0	0
100206823	968149514	98420016	59347.0	0
100206823	98420016	968676959	67620.0	0
100206823	968676959	98420016	73320.0	0
100206824	98420016	98394111	27900.0	0
100206824	98394111	25124662	41400.0	0
100206824	25124662	98420016	63900.0	0
100206824	98420016	98418894	74160.0	0
100206824	98418894	25124797	75720.0	0
100206825	98420615	98417153	63434.0	0
100206825	98417153	98420615	69713.0	0
100206826	98420615	1119106855	25800.0	0
100206826	1119106855	98420615	60300.0	0
100206826	98420615	25113665	62100.0	0
100206826	25113665	98420615	67200.0	0
100206827	98420642	25290711	29700.0	0
100206827	25290711	98420642	43200.0	0
100206828	98420642	1119406500	23700.0	0
100206828	1119406500	98420642	50100.0	0
100206829	98420642	1094845776	45600.0	0
100206829	1094845776	98395968	49620.0	0
100206829	98395968	98420642	50520.0	0
100206830	98420642	98420728	31123.0	0
100206830	98420728	98420642	38925.0	0
100206830	98420642	25127801	54300.0	0
100206830	25127801	98420642	63000.0	0
100206831	98420022	98414560	36000.0	0
100206831	98414560	98420022	48600.0	0
100206831	98420022	98419655	57600.0	0
100206831	98419655	98420022	63600.0	0
100206833	98420022	25113722	27900.0	0
100206833	25113722	98420022	46800.0	0
100206833	98420022	990339556	48900.0	0
100206833	990339556	98420022	62100.0	0
100206834	98420202	25124444	24600.0	0
100206834	25124444	25129732	47164.0	0
100206834	25129732	25129224	49153.0	0
100206834	25129224	98420202	57600.0	0
100206835	98420613	1124218290	39900.0	0
100206835	1124218290	98420613	44400.0	0
100206835	98420613	98401431	50700.0	0
100206835	98401431	98420613	57600.0	0
100206836	98420613	25276345	14700.0	0
100206836	25276345	98395805	48600.0	0
100206836	98395805	98420613	54600.0	0
100206837	98420613	221991621	35400.0	0
100206837	221991621	98420613	79200.0	0
100206838	98419903	25139356	26400.0	0
100206838	25139356	25128949	37800.0	0
100206838	25128949	827007477	43200.0	0
100206838	827007477	98420258	52800.0	0
100206838	98420258	25129033	54780.0	0
100206838	25129033	98419903	59400.0	0
100206838	98419903	1119158126	64080.0	0
100206838	1119158126	25129227	67380.0	0
100206838	25129227	98419903	72480.0	0
100206839	98419903	25120628	51300.0	0
100206839	25120628	98419903	55200.0	0
100206840	98419903	25129056	27900.0	0
100206840	25129056	984081809	29400.0	0
100206840	984081809	98418962	61200.0	0
100206840	98418962	98419903	62100.0	0
100206841	98420940	98419861	24600.0	0
100206841	98419861	25128106	40800.0	0
100206841	25128106	25118983	56700.0	0
100206841	25118983	25123671	58200.0	0
100206841	25123671	1095107164	63000.0	0
100206841	1095107164	98420940	71100.0	0
100206844	98420940	25282063	28800.0	0
100206844	25282063	98420940	52200.0	0
100206845	98420940	25113752	19800.0	0
100206845	25113752	98420940	46800.0	0
100206846	98419981	25113665	45180.0	0
100206846	25113665	98419981	49380.0	0
100206848	98420194	25129191	23400.0	0
100206848	25129191	1119049505	25500.0	0
100206848	1119049505	984080082	30060.0	0
100206848	984080082	1000087544	32400.0	0
100206848	1000087544	98420194	35160.0	0
100206849	98420194	1095097285	58709.0	0
100206849	1095097285	826994332	68944.0	0
100206849	826994332	98420194	72580.0	0
100206850	98420292	98420712	32400.0	0
100206850	98420712	98420292	36000.0	0
100206850	98420292	98418985	50400.0	0
100206850	98418985	98420292	58200.0	0
100206851	98420292	25120156	54659.0	0
100206851	25120156	98420292	60540.0	0
100206852	98420292	25123994	32400.0	0
100206852	25123994	98420292	53100.0	0
100206852	98420292	25123474	68400.0	0
100206852	25123474	98420292	72900.0	0
100206853	98420292	25124790	19800.0	0
100206853	25124790	98420292	52200.0	0
100206854	98420596	25129056	29640.0	0
100206854	25129056	98420596	45840.0	0
100206855	98420596	837372063	39600.0	0
100206855	837372063	98420596	46800.0	0
100206855	98420596	25128398	59400.0	0
100206855	25128398	98420596	68400.0	0
100206856	98420192	25129193	18816.0	0
100206856	25129193	98420192	52989.0	0
100206857	98420192	25289375	37800.0	0
100206857	25289375	25284317	63000.0	0
100206857	25284317	98420192	67200.0	0
100206858	98420192	25143347	64800.0	0
100206858	25143347	98420192	75000.0	0
100206859	98420192	98417021	26400.0	0
100206859	98417021	98420192	58500.0	0
100206860	98420073	98417712	35100.0	0
100206860	98417712	848561009	39600.0	0
100206860	848561009	98420073	45000.0	0
100206860	98420073	98420346	49500.0	0
100206860	98420346	98420073	54000.0	0
100206860	98420073	984080082	64800.0	0
100206860	984080082	1095107164	74401.0	0
100206860	1095107164	968676952	80100.0	0
100206860	968676952	98420073	83700.0	0
100206861	98420073	1039982431	66600.0	0
100206861	1039982431	98420073	77400.0	0
100206862	98420073	851367501	30300.0	0
100206862	851367501	98420073	55800.0	0
100206863	98420229	25289162	39600.0	0
100206863	25289162	98420229	45600.0	0
100206863	98420229	25124783	66000.0	0
100206863	25124783	98420229	78000.0	0
100206865	98420229	98418993	57600.0	0
100206865	98418993	98420229	68400.0	0
100206867	916280843	968147630	30556.0	0
100206867	968147630	1055249980	35100.0	0
100206867	1055249980	848561009	43200.0	0
100206867	848561009	916280843	54900.0	0
100206867	916280843	98395969	67500.0	0
100206867	98395969	916280843	70200.0	0
100206868	916280843	25129056	25800.0	0
100206868	25129056	916280843	27600.0	0
100206868	916280843	25129056	52200.0	0
100206868	25129056	916280843	54000.0	0
100206869	98420689	968149514	42000.0	0
100206869	968149514	98420689	46080.0	0
100206869	98420689	25128310	49080.0	0
100206869	25128310	25129189	51360.0	0
100206869	25129189	25128310	55560.0	0
100206869	25128310	98420689	57360.0	0
100206870	98420689	25127862	31123.0	0
100206870	25127862	98420689	38925.0	0
100206870	98420689	25128937	54300.0	0
100206870	25128937	98420689	63000.0	0
100206872	98420348	968696623	59400.0	0
100206872	968696623	98420348	62760.0	0
100206873	98420348	25123930	28200.0	0
100206873	25123930	98420348	37680.0	0
100206873	98420348	98416646	48600.0	0
100206873	98416646	98420348	60300.0	0
100206874	98420348	98417053	25800.0	0
100206874	98417053	98420348	56400.0	0
100206875	98420642	98395986	25200.0	0
100206875	98395986	98420642	59400.0	0
100206876	98420642	94156836	36000.0	0
100206876	94156836	98420642	66600.0	0
100206877	98420642	1124200167	29940.0	0
100206877	1124200167	98420642	38040.0	0
100206877	98420642	25128949	40440.0	0
100206877	25128949	98420642	54000.0	0
100206878	98420642	25129233	45000.0	0
100206878	25129233	98421029	50400.0	0
100206878	98421029	25113665	52500.0	0
100206878	25113665	98420642	55161.0	0
100206879	916280844	25123986	25260.0	0
100206879	25123986	1118952070	26760.0	0
100206879	1118952070	992124816	39360.0	0
100206879	992124816	25124855	40560.0	0
100206879	25124855	916280844	60960.0	0
100206880	916280844	25124805	29700.0	0
100206880	25124805	25143808	57600.0	0
100206880	25143808	916280844	60000.0	0
100206881	916280844	25145109	28800.0	0
100206881	25145109	916280844	39600.0	0
100206881	916280844	1102693376	52200.0	0
100206881	1102693376	916280844	56400.0	0
100206882	98420184	25129056	25800.0	0
100206882	25129056	98420184	27600.0	0
100206882	98420184	25123986	52200.0	0
100206882	25123986	98420184	54000.0	0
100206883	98420025	25127862	32400.0	0
100206883	25127862	98420025	39300.0	0
100206883	98420025	25129056	55800.0	0
100206883	25129056	25124677	58200.0	0
100206883	25124677	98420025	60000.0	0
100206884	98420025	25112275	25200.0	0
100206884	25112275	25290404	42000.0	0
100206884	25290404	25124799	43800.0	0
100206884	25124799	98420025	61800.0	0
100206884	98420025	1095021051	71195.0	0
100206884	1095021051	98420025	72835.0	0
100206885	98420025	851367501	28200.0	0
100206885	851367501	98420025	54960.0	0
100206886	98420025	25112795	27000.0	0
100206886	25112795	98420025	61200.0	0
100206889	1095031643	825384464	30300.0	0
100206889	825384464	1095031643	35769.0	0
100206889	1095031643	25113665	37800.0	0
100206889	25113665	1095031643	38700.0	0
100206889	1095031643	25289374	42900.0	0
100206889	25289374	1095031643	50369.0	0
100206893	98420352	98419638	33300.0	0
100206893	98419638	98420352	64500.0	0
100206894	1095031643	970964955	22800.0	0
100206894	970964955	1095031643	35100.0	0
100206896	1095031643	98410213	30840.0	0
100206896	98410213	1095031643	35213.0	0
100206896	1095031643	946239127	37500.0	0
100206896	946239127	25125385	42900.0	0
100206896	25125385	98420728	44100.0	0
100206896	98420728	98420712	45437.0	0
100206896	98420712	1095031643	46140.0	0
100206897	1095031643	825277103	25200.0	0
100206897	825277103	98413757	63000.0	0
100206899	98420596	1039982431	61590.0	0
100206899	1039982431	848561009	67320.0	0
100206899	848561009	1039878212	70920.0	0
100206899	1039878212	98420596	73320.0	0
100206900	98420596	98421324	24720.0	0
100206900	98421324	98420596	51000.0	0
100206901	98420596	98419638	29700.0	0
100206901	98419638	98420596	53700.0	0
100206902	98419998	984080082	21600.0	0
100206902	984080082	98419998	52200.0	0
100206903	98420212	98421001	39600.0	0
100206903	98421001	98420212	46800.0	0
100206903	98420212	98420038	59400.0	0
100206903	98420038	98420212	68400.0	0
100206905	98419903	1094845997	39600.0	0
100206905	1094845997	98419903	46800.0	0
100206905	98419903	98417034	59400.0	0
100206905	98417034	98419903	68400.0	0
100206906	98419903	25114361	18000.0	0
100206906	25114361	25117740	50400.0	0
100206906	25117740	98419903	54600.0	0
100206906	98419903	990158684	57835.0	0
100206906	990158684	25284526	60569.0	0
100206906	25284526	98419903	68433.0	0
100206907	98420623	98392761	16800.0	0
100206907	98392761	1095710597	21600.0	0
100206907	1095710597	98418894	57600.0	0
100206907	98418894	98413757	60300.0	0
100206907	98413757	98420623	73800.0	0
100206909	98420623	1119406500	23400.0	0
100206909	1119406500	25127801	52806.0	0
100206909	25127801	98420623	56100.0	0
100206910	98420623	825277103	24000.0	0
100206910	825277103	98420623	51300.0	0
100206911	98420596	968703438	53395.0	0
100206911	968703438	98420596	58069.0	0
100206911	98420596	968696570	70200.0	0
100206911	968696570	98420596	71700.0	0
100206912	98420596	25143316	11700.0	0
100206912	25143316	98420596	14340.0	0
100206912	98420596	98419775	15600.0	0
100206912	98419775	98420596	61200.0	0
100206912	98420596	25279377	66761.0	0
100206912	25279377	98420596	70304.0	0
100206912	98420596	98417213	75605.0	0
100206912	98417213	98420596	76751.0	0
100206913	98420596	1123956416	19487.0	0
100206913	1123956416	98420596	22069.0	0
100206913	98420596	98418149	48600.0	0
100206913	98418149	1055249980	50100.0	0
100206913	1055249980	98420596	59400.0	0
100206914	98420678	1124200167	39600.0	0
100206914	1124200167	98420678	45000.0	0
100206915	98420678	98419775	63480.0	0
100206915	98419775	98420678	74880.0	0
100206916	98420601	968703439	27000.0	0
100206916	968703439	98420601	28148.0	0
100206916	98420601	25151790	53100.0	0
100206916	25151790	98420601	72000.0	0
100206917	98420623	98411703	28800.0	0
100206917	98411703	25113665	66600.0	0
100206917	25113665	98420623	68100.0	0
100206918	98420623	825277103	25800.0	0
100206918	825277103	98420623	63000.0	0
100206919	98420940	1124200167	25500.0	0
100206919	1124200167	98420940	27540.0	0
100206919	98420940	968703439	28800.0	0
100206919	968703439	98420940	36600.0	0
100206919	98420940	825277103	39900.0	0
100206919	825277103	826338878	50400.0	0
100206919	826338878	25128140	51660.0	0
100206919	25128140	98421140	53160.0	0
100206919	98421140	1095607844	56160.0	0
100206919	1095607844	236082310	58140.0	0
100206919	236082310	98420940	63000.0	0
100206919	98420940	25289215	67800.0	0
100206919	25289215	98420940	76800.0	0
100206920	98420940	98412486	27600.0	0
100206920	98412486	98420940	51900.0	0
100206920	98420940	1095017485	59400.0	0
100206920	1095017485	98420940	60780.0	0
100206921	98420940	98421324	28800.0	0
100206921	98421324	25289219	63720.0	0
100206921	25289219	98420317	64800.0	0
100206921	98420317	98420940	69900.0	0
100206922	98420940	98418894	27900.0	0
100206922	98418894	98420940	54000.0	0
100206925	98420180	25129190	24900.0	0
100206925	25129190	25129056	55980.0	0
100206925	25129056	98420180	57780.0	0
100206926	98420180	25129581	32400.0	0
100206926	25129581	98420180	33900.0	0
100206926	98420180	1124200167	62100.0	0
100206926	1124200167	1039878212	63600.0	0
100206926	1039878212	98420180	67800.0	0
100206927	98420180	98417021	26880.0	0
100206927	98417021	98420180	62280.0	0
100206927	98420180	98419052	64200.0	0
100206927	98419052	98420180	65160.0	0
100206928	1095031643	946239127	25980.0	0
100206928	946239127	1095031643	59700.0	0
100206929	1095031643	25129056	14340.0	0
100206929	25129056	1095031643	46800.0	0
100206929	1095031643	25129056	50100.0	0
100206929	25129056	1095031643	61200.0	0
100206929	1095031643	25129056	75600.0	0
100206929	25129056	1095031643	83400.0	0
100206930	1095031643	98448282	22800.0	0
100206930	98448282	25123986	61200.0	0
100206930	25123986	1095031643	62280.0	0
100206930	1095031643	25144433	64683.0	0
100206930	25144433	25141890	68400.0	0
100206930	25141890	1095031643	72900.0	0
100206930	1095031643	968149514	75000.0	0
100206930	968149514	1095031643	77115.0	0
100206931	98420680	1119035426	39552.0	0
100206931	1119035426	98420680	49500.0	0
100206931	98420680	25141969	57600.0	0
100206931	25141969	98420680	72000.0	0
100206932	1095031643	25117073	30300.0	0
100206932	25117073	1095031643	35769.0	0
100206932	1095031643	25113665	37800.0	0
100206932	25113665	1095031643	38700.0	0
100206932	1095031643	1123788250	42900.0	0
100206932	1123788250	1095031643	50369.0	0
100206933	25128937	1095031643	28800.0	0
100206933	1095031643	25289897	84000.0	0
100206934	98420601	196881544	25800.0	0
100206934	196881544	984080082	67500.0	0
100206934	984080082	98420601	69900.0	0
100206935	98420601	1095107164	18000.0	0
100206935	1095107164	98420601	22326.0	0
100206935	98420601	25128120	24900.0	0
100206935	25128120	98420601	59400.0	0
100206936	98420601	1100961855	30600.0	0
100206936	1100961855	25284526	63000.0	0
100206936	25284526	98420601	69887.0	0
100206939	98419973	25141254	64800.0	0
100206939	25141254	25141758	72000.0	0
100206939	25141758	878524886	75300.0	0
100206939	878524886	25127862	79200.0	0
100206939	25127862	98419973	81000.0	0
100206940	98420383	98416882	25500.0	0
100206940	98416882	98420383	61200.0	0
100206940	98420383	1123731015	79800.0	0
100206940	1123731015	98420383	80760.0	0
100206941	98420383	98417893	28800.0	0
100206941	98417893	98420335	30300.0	0
100206941	98420335	98417702	36000.0	0
100206941	98417702	1103207437	37800.0	0
100206941	1103207437	25283857	40500.0	0
100206941	25283857	25124468	44400.0	0
100206941	25124468	25127422	46800.0	0
100206941	25127422	1119405417	51900.0	0
100206941	1119405417	98418894	54900.0	0
100206941	98418894	25124706	56400.0	0
100206941	25124706	25120812	64200.0	0
100206941	25120812	98420383	69300.0	0
100206944	98420232	25124706	25200.0	0
100206944	25124706	25139332	26700.0	0
100206944	25139332	98426037	57600.0	0
100206944	98426037	25121614	60300.0	0
100206944	25121614	98420232	62100.0	0
100206944	98420232	98420712	67200.0	0
100206944	98420712	98395968	71700.0	0
100206944	98395968	98420232	77100.0	0
100206945	98420232	992192768	22500.0	0
100206945	992192768	98420232	57600.0	0
100206946	98420232	98417021	26700.0	0
100206946	98417021	1095017476	53400.0	0
100206946	1095017476	98420232	63000.0	0
100206947	98420232	25118327	27600.0	0
100206947	25118327	98420232	55800.0	0
100206948	98420232	25127801	34200.0	0
100206948	25127801	25114699	36000.0	0
100206948	25114699	990177202	38460.0	0
100206948	990177202	25141758	39360.0	0
100206948	25141758	1055243199	40260.0	0
100206948	1055243199	98420232	61200.0	0
100206949	98420313	25116736	22500.0	0
100206949	25116736	98420313	55800.0	0
100206950	98420313	98419638	31200.0	0
100206950	98419638	98420313	55860.0	0
100206951	98420313	848383174	30000.0	0
100206951	848383174	98420313	62100.0	0
100206952	916280843	25124413	39600.0	0
100206952	25124413	916280843	46800.0	0
100206952	916280843	25113546	59400.0	0
100206952	25113546	916280843	68400.0	0
100206953	916280843	848561009	34200.0	0
100206953	848561009	916280843	44592.0	0
100206955	98420599	968696504	26100.0	0
100206955	968696504	98420599	29700.0	0
100206956	98420599	98420712	29700.0	0
100206956	98420712	98420599	30960.0	0
100206957	98420236	968703438	25800.0	0
100206957	968703438	98420236	27600.0	0
100206957	98420236	818258357	52200.0	0
100206957	818258357	98420236	54000.0	0
100206960	98420623	25289581	23400.0	0
100206960	25289581	98420623	68400.0	0
100206961	98420696	25129202	21900.0	0
100206961	25129202	25115385	37800.0	0
100206961	25115385	98413796	40500.0	0
100206961	98413796	98420696	45300.0	0
100206962	98420696	1095097285	29700.0	0
100206962	1095097285	98420696	30960.0	0
100206963	98420696	25113665	37200.0	0
100206963	25113665	25141749	38700.0	0
100206963	25141749	835741358	41100.0	0
100206963	835741358	98420696	43200.0	0
100206963	98420696	98413740	54000.0	0
100206963	98413740	1095768824	55200.0	0
100206963	1095768824	98420696	58800.0	0
100206964	98420258	968696570	28742.0	0
100206964	968696570	98420258	31287.0	0
100206964	98420258	98413757	32232.0	0
100206964	98413757	98420258	40914.0	0
100206964	98420258	98413559	44927.0	0
100206964	98413559	98420258	46827.0	0
100206964	98420258	1119035426	64800.0	0
100206964	1119035426	98420258	73800.0	0
100206965	98420258	25116956	37800.0	0
100206965	25116956	993824976	38880.0	0
100206965	993824976	98420258	41880.0	0
100206965	98420258	98420728	44280.0	0
100206965	98420728	98420258	49500.0	0
100206965	98420258	1102693377	50400.0	0
100206965	1102693377	98420258	58200.0	0
100206966	98420022	98417889	25500.0	0
100206966	98417889	25129056	46800.0	0
100206966	25129056	98420022	49500.0	0
100206966	98420022	25129056	54000.0	0
100206966	25129056	98420022	54660.0	0
100206967	98420022	25284317	23400.0	0
100206967	25284317	98420022	70200.0	0
100206968	98420022	825277103	24900.0	0
100206968	825277103	98420022	51300.0	0
100206968	98420022	98419651	57600.0	0
100206968	98419651	98420022	75600.0	0
100206969	98419998	996938782	26700.0	0
100206969	996938782	25124412	46800.0	0
100206969	25124412	25284317	63000.0	0
100206969	25284317	98419998	64020.0	0
100206969	98419998	98420551	67920.0	0
100206969	98420551	98419998	69720.0	0
100206970	98419998	98430858	25800.0	0
100206970	98430858	98419998	63000.0	0
100206971	98419998	25123350	22500.0	0
100206971	25123350	25116843	51300.0	0
100206971	25116843	98419998	53436.0	0
100206972	98420596	25129056	23700.0	0
100206972	25129056	98420596	26640.0	0
100206972	98420596	848561009	35040.0	0
100206972	848561009	98420596	40140.0	0
100206972	98420596	25129056	50400.0	0
100206972	25129056	98420596	54900.0	0
100206973	98420596	25129231	43223.0	0
100206973	25129231	98420596	46702.0	0
100206974	98420596	969671682	31200.0	0
100206974	969671682	98420596	45000.0	0
100206975	98420596	98420728	50400.0	0
100206975	98420728	98420596	64800.0	0
100206976	98420194	25114699	63000.0	0
100206976	25114699	98420194	72000.0	0
100206977	98420194	25128300	25800.0	0
100206977	25128300	98420194	63000.0	0
100206978	98420336	968676966	53100.0	0
100206978	968676966	1095020719	58800.0	0
100206978	1095020719	968696593	60900.0	0
100206978	968696593	98420336	65400.0	0
100206979	98420336	25120126	20400.0	0
100206979	25120126	1095768824	50400.0	0
100206979	1095768824	1102693377	61800.0	0
100206979	1102693377	837372455	69300.0	0
100206979	837372455	98420336	73800.0	0
100206980	98420336	25117130	46500.0	0
100206980	25117130	98420336	57600.0	0
100206981	98420336	25141758	62400.0	0
100206981	25141758	98420336	68400.0	0
100206983	98420229	25128426	29700.0	0
100206983	25128426	98420229	43200.0	0
100206984	98420229	309596172	23700.0	0
100206984	309596172	98420229	50100.0	0
100206985	98420229	1124218290	41572.0	0
100206985	1124218290	98420229	44904.0	0
100206985	98420229	25114379	50400.0	0
100206985	25114379	98420229	55800.0	0
100206986	98420229	25141782	31123.0	0
100206986	25141782	98420229	38925.0	0
100206986	98420229	25291927	54300.0	0
100206986	25291927	98420229	63000.0	0
100206988	98420406	25123474	65700.0	0
100206988	25123474	98420406	72900.0	0
100206991	248121341	98389170	41400.0	0
100206991	98389170	94249241	47929.0	0
100206991	94249241	968696546	49720.0	0
100206991	968696546	98395792	50400.0	0
100206991	98395792	984080082	58393.0	0
100206991	984080082	98420551	61200.0	0
100206991	98420551	248121341	63900.0	0
100206992	248121341	25305678	28800.0	0
100206992	25305678	946239127	39600.0	0
100206992	946239127	248121341	45900.0	0
100206993	98420623	25129056	23700.0	0
100206993	25129056	98420623	26640.0	0
100206993	98420623	25113665	35040.0	0
100206993	25113665	98420623	40140.0	0
100206993	98420623	25129056	50400.0	0
100206993	25129056	98420623	54900.0	0
100206994	98420623	25128117	24360.0	0
100206994	25128117	25129231	25860.0	0
100206994	25129231	98420623	66600.0	0
100206995	98420623	1119190644	28260.0	0
100206995	1119190644	98405498	53700.0	0
100206995	98405498	98420623	56100.0	0
100206996	98420623	98419638	28800.0	0
100206996	98419638	98420623	54900.0	0
100206996	98420623	25128780	61200.0	0
100206996	25128780	984494778	63900.0	0
100206996	984494778	25143353	70200.0	0
100206996	25143353	98420623	72000.0	0
100206998	98420948	98421029	29100.0	0
100206998	98421029	98420948	37200.0	0
100206998	98420948	25281015	41700.0	0
100206998	25281015	25284867	45600.0	0
100206998	25284867	25290410	46800.0	0
100206998	25290410	25129225	48300.0	0
100206998	25129225	98413716	51600.0	0
100206998	98413716	98395968	52500.0	0
100206998	98395968	98416882	57300.0	0
100206998	98416882	98420948	58380.0	0
100206999	98420948	1055249980	24604.0	0
100206999	1055249980	98420948	26907.0	0
100206999	98420948	25117739	47700.0	0
100206999	25117739	25278640	56700.0	0
100206999	25278640	968696546	60900.0	0
100206999	968696546	98420800	66900.0	0
100206999	98420800	1094837452	70200.0	0
100206999	1094837452	98420948	71100.0	0
100207000	98392412	98420596	14340.0	0
100207000	98420596	828277899	27900.0	0
100207001	98420596	968696557	64800.0	0
100207001	968696557	98420596	71100.0	0
100207002	98420596	1095094551	22800.0	0
100207002	1095094551	98420596	54300.0	0
100207003	98420229	25144801	21600.0	0
100207003	25144801	25129056	54000.0	0
100207003	25129056	968696546	55920.0	0
100207003	968696546	98420229	58440.0	0
100207003	98420229	98420712	60660.0	0
100207003	98420712	98420229	69300.0	0
100207004	98420229	25129056	27000.0	0
100207004	25129056	98420229	57600.0	0
100207005	98420229	98418425	28800.0	0
100207005	98418425	98420229	42300.0	0
100207006	98420596	98418894	39600.0	0
100207006	98418894	98420596	46800.0	0
100207006	98420596	968703438	59400.0	0
100207006	968703438	98420596	68400.0	0
100207008	98420596	25112555	33900.0	0
100207008	25112555	98420596	43800.0	0
100207008	98420596	25124751	46800.0	0
100207008	25124751	98420596	50400.0	0
100207009	98420326	98421029	31123.0	0
100207009	98421029	98420326	38925.0	0
100207009	98420326	25128465	54300.0	0
100207009	25128465	98420326	63000.0	0
100207010	98420326	1118952070	14340.0	0
100207010	1118952070	98420326	16200.0	0
100207010	98420326	1094839820	62100.0	0
100207010	1094839820	98420326	81000.0	0
100207011	98420326	851367501	28800.0	0
100207011	851367501	98420326	55800.0	0
100207012	98420326	98421324	27300.0	0
100207012	98421324	98420326	52800.0	0
100207013	98420183	837372063	42300.0	0
100207013	837372063	98417713	49991.0	0
100207013	98417713	968696546	51252.0	0
100207013	968696546	98420183	79200.0	0
100207017	98420656	1118952070	39600.0	0
100207017	1118952070	98420656	46800.0	0
100207017	98420656	25127672	59400.0	0
100207017	25127672	98420656	68400.0	0
100207019	98420656	25124767	33900.0	0
100207019	25124767	98420656	43800.0	0
100207019	98420656	25124492	46800.0	0
100207019	25124492	98420656	50400.0	0
100207020	98420596	196876729	24600.0	0
100207020	196876729	1103123206	27000.0	0
100207020	1103123206	25129056	63000.0	0
100207020	25129056	98420596	63900.0	0
100207021	98420596	968703438	28800.0	0
100207021	968703438	98420596	30600.0	0
100207021	98420596	98395969	35100.0	0
100207021	98395969	25128692	43200.0	0
100207021	25128692	98420596	49500.0	0
100207021	98420596	98418962	52200.0	0
100207021	98418962	98420596	54900.0	0
100207021	98420596	98419861	58500.0	0
100207021	98419861	98420596	79200.0	0
100207022	98420596	98420346	31500.0	0
100207022	98420346	98420596	42900.0	0
100207023	98420596	25116164	26100.0	0
100207023	25116164	98420596	39660.0	0
100207024	98420406	968703438	25260.0	0
100207024	968703438	25289375	26760.0	0
100207024	25289375	855079370	39360.0	0
100207024	855079370	25119003	40560.0	0
100207024	25119003	98420406	60960.0	0
100207025	98420406	25129189	29700.0	0
100207025	25129189	25128106	57600.0	0
100207025	25128106	98420406	60000.0	0
100207026	98420406	98392815	28200.0	0
100207026	98392815	98420406	55800.0	0
100207026	98420406	837463772	57560.0	0
100207026	837463772	98420406	64343.0	0
100207027	98420601	98392479	21600.0	0
100207027	98392479	25289897	43200.0	0
100207027	25289897	25288977	45900.0	0
100207027	25288977	98420601	61200.0	0
100207028	98420601	1123404924	28800.0	0
100207028	1123404924	98420601	39600.0	0
100207028	98420601	25114698	52200.0	0
100207028	25114698	98420601	53100.0	0
100207028	98420601	25129233	68377.0	0
100207028	25129233	98420601	76957.0	0
100207029	98420601	25129056	25200.0	0
100207029	25129056	98420601	46800.0	0
100207029	98420601	25128161	50400.0	0
100207029	25128161	98420601	57600.0	0
100207029	98420601	25289215	70200.0	0
100207029	25289215	98420601	73699.0	0
100207029	98420601	25289206	74369.0	0
100207029	25289206	98420601	79200.0	0
100207030	98420601	25141969	32400.0	0
100207030	25141969	98420601	53100.0	0
100207030	98420601	98418894	68400.0	0
100207030	98418894	98420601	72900.0	0
100207032	98420379	968696557	48600.0	0
100207032	968696557	968696580	66900.0	0
100207032	968696580	98420379	75127.0	0
100207033	98419903	98417753	29100.0	0
100207033	98417753	25279377	46800.0	0
100207033	25279377	98419903	48600.0	0
100207033	98419903	878524886	56100.0	0
100207033	878524886	98419903	57000.0	0
100207034	98419903	98418962	39000.0	0
100207034	98418962	98419903	46800.0	0
100207034	98419903	25129581	48900.0	0
100207034	25129581	25120432	53621.0	0
100207034	25120432	98419903	55920.0	0
100207035	98419903	1094837455	28020.0	0
100207035	1094837455	98419903	62460.0	0
100207036	98420940	819091089	22200.0	0
100207036	819091089	98420940	62100.0	0
100207037	98420940	25289375	16500.0	0
100207037	25289375	98421003	39600.0	0
100207037	98421003	98420940	54000.0	0
100207038	98420940	98417053	27600.0	0
100207038	98417053	98420940	60300.0	0
100207038	98420940	25128140	65700.0	0
100207038	25128140	25141757	71400.0	0
100207038	25141757	98420940	77400.0	0
100207039	98420940	98419638	30600.0	0
100207039	98419638	98420940	56100.0	0
100207039	98420940	25129258	62400.0	0
100207039	25129258	25123545	65700.0	0
100207039	25123545	98420940	72600.0	0
100207043	98420392	25128461	24480.0	0
100207043	25128461	98420392	43908.0	0
100207043	98420392	25290239	45739.0	0
100207043	25290239	98420392	55200.0	0
100207044	98420392	98420551	34500.0	0
100207044	98420551	98420392	38400.0	0
100207044	98420392	98421044	50400.0	0
100207044	98421044	98389198	54420.0	0
100207044	98389198	98420392	72000.0	0
100207045	98420267	25125019	18000.0	0
100207045	25125019	25141240	64800.0	0
100207045	25141240	98395299	66000.0	0
100207045	98395299	98420267	67800.0	0
100207046	98420267	855079371	19487.0	0
100207046	855079371	98420267	22069.0	0
100207046	98420267	98419775	48600.0	0
100207046	98419775	25281531	50100.0	0
100207046	25281531	98420267	59400.0	0
100207047	98420267	25123986	32400.0	0
100207047	25123986	968696599	54000.0	0
100207047	968696599	98420267	55800.0	0
100207047	98420267	25123297	61200.0	0
100207047	25123297	98420267	62400.0	0
100207047	98420267	98417198	66600.0	0
100207047	98417198	98413757	69300.0	0
100207047	98413757	98420267	70200.0	0
100207048	98420678	835741358	19800.0	0
100207048	835741358	25112349	43200.0	0
100207048	25112349	968147630	44700.0	0
100207048	968147630	98420678	61200.0	0
100207049	98420678	25129056	25800.0	0
100207049	25129056	98420678	27600.0	0
100207049	98420678	25129056	52200.0	0
100207049	25129056	98420678	54000.0	0
100207050	984077917	25139356	18000.0	0
100207050	25139356	984077917	48360.0	0
100207051	984077917	25115430	30300.0	0
100207051	25115430	880242065	35700.0	0
100207051	880242065	25124130	38700.0	0
100207051	25124130	984077917	47100.0	0
100207052	984077917	25124402	36600.0	0
100207052	25124402	984077917	41700.0	0
100207052	984077917	1119190644	61500.0	0
100207052	1119190644	984077917	72000.0	0
100207053	98421237	25289450	34200.0	0
100207053	25289450	98421237	38270.0	0
100207053	98421237	25129056	57600.0	0
100207053	25129056	98421237	60300.0	0
100207054	98421237	25129056	25800.0	0
100207054	25129056	98421237	27600.0	0
100207054	98421237	25129056	52200.0	0
100207054	25129056	98421237	54000.0	0
100207055	98420948	25124706	65100.0	0
100207055	25124706	25112349	68700.0	0
100207055	25112349	98420948	76500.0	0
100207056	98420948	98417712	39600.0	0
100207056	98417712	98420948	46800.0	0
100207056	98420948	25123297	59400.0	0
100207056	25123297	98420948	68400.0	0
100207057	98420948	878524886	54240.0	0
100207057	878524886	25124453	56563.0	0
100207057	25124453	98420948	61863.0	0
100207057	98420948	98392425	66252.0	0
100207057	98392425	98420948	67334.0	0
100207057	98420948	1094720367	69000.0	0
100207057	1094720367	98420948	76500.0	0
100207058	98420948	98417021	33300.0	0
100207058	98417021	98420948	34500.0	0
100207058	98420948	25292301	56700.0	0
100207058	25292301	98420948	62100.0	0
100207058	98420948	98417753	67800.0	0
100207058	98417753	98420948	72000.0	0
100207059	98421294	25116736	24900.0	0
100207059	25116736	98421294	54900.0	0
100207059	98421294	826338878	56700.0	0
100207059	826338878	98421294	60600.0	0
100207059	98421294	25129230	63461.0	0
100207059	25129230	98421294	65415.0	0
100207060	98421294	25127860	25200.0	0
100207060	25127860	98421294	60300.0	0
100207061	98421294	25289374	29700.0	0
100207061	25289374	98421294	32700.0	0
100207061	98421294	25128127	56100.0	0
100207061	25128127	98421294	65400.0	0
100207063	98420304	1095044940	41572.0	0
100207063	1095044940	98420304	44904.0	0
100207063	98420304	1124255900	50400.0	0
100207063	1124255900	98420304	55800.0	0
100207064	98420940	98420551	37800.0	0
100207064	98420551	25112555	39000.0	0
100207064	25112555	98420940	41400.0	0
100207065	98420940	25124405	39600.0	0
100207065	25124405	98420940	46800.0	0
100207065	98420940	946242155	59400.0	0
100207065	946242155	98420940	68400.0	0
100207066	98421319	25127860	18000.0	0
100207066	25127860	25289205	64800.0	0
100207066	25289205	25278640	66000.0	0
100207066	25278640	98421319	67800.0	0
100207067	98421319	25129056	25800.0	0
100207067	25129056	98421319	27600.0	0
100207067	98421319	25123986	52200.0	0
100207067	25123986	98421319	54000.0	0
100207068	98420596	25129056	25200.0	0
100207068	25129056	98420596	28800.0	0
100207068	98420596	25124724	32400.0	0
100207068	25124724	98420596	37800.0	0
100207068	98420596	25129005	53100.0	0
100207068	25129005	98418995	58620.0	0
100207068	98418995	98420596	59820.0	0
100207068	98420596	25141760	63916.0	0
100207068	25141760	98420596	68400.0	0
100207069	98420596	968147630	27600.0	0
100207069	968147630	98420596	55800.0	0
100207069	98420596	1095165180	62532.0	0
100207069	1095165180	98420596	65433.0	0
100207070	98420596	98419638	26400.0	0
100207070	98419638	1094720367	46800.0	0
100207070	1094720367	98419638	54000.0	0
100207070	98419638	98420596	60600.0	0
100207071	98420379	98417052	43200.0	0
100207071	98417052	98420379	45300.0	0
100207071	98420379	25141782	64800.0	0
100207071	25141782	98420379	66900.0	0
100207072	98420653	25141168	23400.0	0
100207072	25141168	98421029	55200.0	0
100207072	98421029	98420712	57900.0	0
100207072	98420712	98420653	63900.0	0
100207073	98420653	1124200167	25260.0	0
100207073	1124200167	98421003	26760.0	0
100207073	98421003	25120895	39360.0	0
100207073	25120895	25127817	40560.0	0
100207073	25127817	98420653	60960.0	0
100207074	98420653	98421324	30600.0	0
100207074	98421324	98420653	57000.0	0
100207075	98420321	98404603	31200.0	0
100207075	98404603	98420321	64800.0	0
100207076	98420321	837461728	22800.0	0
100207076	837461728	25116572	48600.0	0
100207076	25116572	98420321	53700.0	0
100207077	98420321	221980230	29220.0	0
100207077	221980230	25120785	62700.0	0
100207077	25120785	98420321	63300.0	0
100207078	98420321	25289829	25260.0	0
100207078	25289829	98419638	27600.0	0
100207078	98419638	968147630	39000.0	0
100207079	968149514	1095031643	7200.0	0
100207079	1095031643	98418871	27900.0	0
100207079	98418871	98406664	28800.0	0
100207079	98406664	1095031643	37800.0	0
100207079	1095031643	25129056	49500.0	0
100207079	25129056	25114685	50700.0	0
100207079	25114685	25144450	53400.0	0
100207079	25144450	990497847	55500.0	0
100207079	990497847	25285384	59400.0	0
100207079	25285384	968317423	60900.0	0
100207079	968317423	1095031643	62100.0	0
100207079	1095031643	25129034	69300.0	0
100207081	98420382	878524886	25200.0	0
100207081	878524886	855079370	46800.0	0
100207081	855079370	25123350	48600.0	0
100207081	25123350	98420382	61200.0	0
100207081	98420382	1123731015	65700.0	0
100207081	1123731015	98420382	72000.0	0
100207082	98420382	25289828	24000.0	0
100207082	25289828	98420382	72000.0	0
100207083	98420382	98396148	37200.0	0
100207083	98396148	1123404924	40920.0	0
100207083	1123404924	98420382	46320.0	0
100207083	98420382	25271047	63000.0	0
100207083	25271047	98420382	82800.0	0
100207084	98420382	1103197126	23400.0	0
100207084	1103197126	25141984	52806.0	0
100207084	25141984	98420382	56100.0	0
100207085	98420192	98419861	41570.0	0
100207085	98419861	1124200167	43260.0	0
100207085	1124200167	25278257	44460.0	0
100207085	25278257	19461222	49500.0	0
100207085	19461222	968696546	51600.0	0
100207085	968696546	1095044937	54900.0	0
100207085	1095044937	1094837452	56601.0	0
100207085	1094837452	98420192	59100.0	0
100207086	98420192	25128116	23400.0	0
100207086	25128116	98420192	54000.0	0
100207086	98420192	837463771	68100.0	0
100207086	837463771	98420192	70800.0	0
100207087	98420192	98417021	28800.0	0
100207087	98417021	98420192	56400.0	0
100207087	98420192	25139614	61200.0	0
100207087	25139614	25126906	64800.0	0
100207087	25126906	98420192	66300.0	0
100207087	98420192	98417844	67500.0	0
100207087	98417844	98420192	70200.0	0
100207088	98420192	25113609	25800.0	0
100207088	25113609	221980230	35400.0	0
100207088	221980230	98417021	49200.0	0
100207088	98417021	98420192	62100.0	0
100207088	98420192	25282576	64800.0	0
100207088	25282576	98420192	69120.0	0
100207089	98421237	25123994	30600.0	0
100207089	25123994	98421237	72000.0	0
100207091	98421237	98425652	19800.0	0
100207091	98425652	98421237	61200.0	0
100207092	98421237	25290711	17100.0	0
100207092	25290711	25141969	42000.0	0
100207092	25141969	835741358	59400.0	0
100207092	835741358	98421237	75000.0	0
100207093	98419998	25271877	18000.0	0
100207093	25271877	98395969	64800.0	0
100207093	98395969	98395824	66000.0	0
100207093	98395824	98419998	67800.0	0
100207094	98419998	25128190	19487.0	0
100207094	25128190	98419998	22069.0	0
100207094	98419998	25128716	48600.0	0
100207094	25128716	25120452	50100.0	0
100207094	25120452	98419998	59400.0	0
100207095	98419998	25129056	32400.0	0
100207095	25129056	1125579995	54000.0	0
100207095	1125579995	98419998	55800.0	0
100207095	98419998	1101126999	61200.0	0
100207095	1101126999	98419998	62400.0	0
100207095	98419998	1095017477	66600.0	0
100207095	1095017477	1123404924	69300.0	0
100207095	1123404924	98419998	70200.0	0
100207096	98420258	25123675	22903.0	0
100207096	25123675	98420258	24180.0	0
100207096	98420258	25128461	24900.0	0
100207096	25128461	25117675	57600.0	0
100207096	25117675	98420258	59601.0	0
100207097	98420596	25129056	27000.0	0
100207097	25129056	98420596	45300.0	0
100207098	98420596	968696599	27000.0	0
100207098	968696599	98395968	63000.0	0
100207098	98395968	98420596	66900.0	0
100207099	98420596	25128348	27000.0	0
100207099	25128348	98420596	56019.0	0
100207099	98420596	196880984	66992.0	0
100207099	196880984	98420596	75184.0	0
100207100	98420596	98392815	26700.0	0
100207100	98392815	98418993	56700.0	0
100207100	98418993	25124805	63000.0	0
100207100	25124805	837000527	67500.0	0
100207100	837000527	98420596	70200.0	0
100207101	98420596	98419638	19800.0	0
100207101	98419638	98420596	57600.0	0
100207102	98420596	98419638	27000.0	0
100207102	98419638	25124797	52200.0	0
100207102	25124797	25117739	53820.0	0
100207102	25117739	98420596	56880.0	0
100207102	98420596	98417844	59400.0	0
100207102	98417844	98420596	64800.0	0
100207104	98420596	837372063	28500.0	0
100207104	837372063	25282807	49500.0	0
100207104	25282807	98420596	54000.0	0
100207105	98420596	98417053	31200.0	0
100207105	98417053	98420596	51900.0	0
100207105	98420596	848561009	54000.0	0
100207105	848561009	98420596	59280.0	0
100207106	98420613	25285737	28800.0	0
100207106	25285737	25289450	39600.0	0
100207106	25289450	98420613	45900.0	0
100207107	98420613	25288907	19800.0	0
100207107	25288907	98420613	50400.0	0
100207108	98420613	25289082	32400.0	0
100207108	25289082	98420613	43200.0	0
100207109	98420379	25129034	37800.0	0
100207109	25129034	25289827	38880.0	0
100207109	25289827	98420379	41880.0	0
100207109	98420379	98417712	44280.0	0
100207109	98417712	98420379	49500.0	0
100207109	98420379	25119068	50400.0	0
100207109	25119068	98420379	58200.0	0
100207112	98420615	1119406500	25200.0	0
100207112	1119406500	98420615	53400.0	0
100207113	98420022	98419052	28200.0	0
100207113	98419052	98416882	30600.0	0
100207113	98416882	98420022	31500.0	0
100207113	98420022	25117073	33900.0	0
100207113	25117073	98420022	50400.0	0
100207113	98420022	98395968	61620.0	0
100207113	98395968	98420022	65520.0	0
100207115	98420383	984080082	30600.0	0
100207115	984080082	98395968	36900.0	0
100207115	98395968	98420383	40200.0	0
100207116	98420383	25145535	45960.0	0
100207116	25145535	25144906	49560.0	0
100207116	25144906	98420383	51060.0	0
100207118	98420681	25289082	39600.0	0
100207118	25289082	98420681	46800.0	0
100207118	98420681	844845187	59400.0	0
100207118	844845187	98420681	68400.0	0
100207119	98419909	25124463	16800.0	0
100207119	25124463	1095710597	21600.0	0
100207119	1095710597	98417196	57600.0	0
100207119	98417196	1101126999	60300.0	0
100207119	1101126999	98419909	73800.0	0
100207121	98419909	1119406500	23700.0	0
100207121	1119406500	98419909	50100.0	0
100207122	98419909	98417053	28800.0	0
100207122	98417053	25128244	56100.0	0
100207122	25128244	98419909	61200.0	0
100207122	98419909	98417712	63600.0	0
100207122	98417712	98419909	64800.0	0
100207123	98420681	98395969	27000.0	0
100207123	98395969	25284313	42000.0	0
100207123	25284313	25129251	42900.0	0
100207123	25129251	98420681	61200.0	0
100207124	98420681	25116736	25200.0	0
100207124	25116736	98420681	61200.0	0
100207125	98420681	98421324	26100.0	0
100207125	98421324	98420681	51000.0	0
100207126	98420681	98391211	35400.0	0
100207126	98391211	98420681	41580.0	0
100207126	98420681	98419638	45600.0	0
100207126	98419638	98420681	55800.0	0
100207126	98420681	98421029	62580.0	0
100207126	98421029	98420681	66900.0	0
100207127	98420390	94263180	33124.0	0
100207127	94263180	98420390	61520.0	0
100207127	98420390	25141760	75600.0	0
100207127	25141760	98420390	78900.0	0
100207128	98420390	98413757	21900.0	0
100207128	98413757	98420390	32009.0	0
100207128	98420390	98418894	33254.0	0
100207128	98418894	968676952	57600.0	0
100207128	968676952	25129056	60600.0	0
100207128	25129056	98420390	61800.0	0
100207128	98420390	1124200167	66600.0	0
100207128	1124200167	98420390	72900.0	0
100207129	98420390	98420346	25260.0	0
100207129	98420346	98420390	56640.0	0
100207129	98420390	25141760	60780.0	0
100207129	25141760	25285085	62760.0	0
100207129	25285085	98418894	64800.0	0
100207129	98418894	98421044	66000.0	0
100207129	98421044	855079371	67800.0	0
100207129	855079371	98419775	69180.0	0
100207129	98419775	25113752	69900.0	0
100207129	25113752	98420390	71100.0	0
100207130	98420390	98418111	58500.0	0
100207130	98418111	98420390	66600.0	0
100207132	98420689	25129056	28500.0	0
100207132	25129056	98420689	29700.0	0
100207132	98420689	98421060	35700.0	0
100207132	98421060	1124200167	64800.0	0
100207132	1124200167	98420689	67800.0	0
100207133	98420689	968149514	17791.0	0
100207133	968149514	98420689	21404.0	0
100207133	98420689	25129251	25200.0	0
100207133	25129251	98420689	44100.0	0
100207134	98420689	98417021	26400.0	0
100207134	98417021	98421324	30600.0	0
100207134	98421324	851367501	40200.0	0
100207134	851367501	98420689	59400.0	0
100207135	98420598	25129231	14700.0	0
100207135	25129231	25114699	48600.0	0
100207135	25114699	98420598	54600.0	0
100207136	98420598	25129227	28800.0	0
100207136	25129227	98420598	52200.0	0
100207137	98420598	98416798	26400.0	0
100207137	98416798	98420598	30300.0	0
100207138	98420598	335465045	42600.0	0
100207138	335465045	25124456	44100.0	0
100207138	25124456	98420598	45300.0	0
100207138	98420598	25112555	54071.0	0
100207138	25112555	98420598	60420.0	0
100207139	98420601	1095097307	15600.0	0
100207139	1095097307	968147630	53202.0	0
100207139	968147630	98420601	58260.0	0
100207140	98420601	25128716	15300.0	0
100207140	25128716	98420601	50400.0	0
100207140	98420601	98418894	53825.0	0
100207140	98418894	98420601	56040.0	0
100207143	98421237	98416873	23400.0	0
100207143	98416873	98421237	57600.0	0
100207143	98421237	25290638	62100.0	0
100207143	25290638	98421237	66300.0	0
100207144	98421237	25129056	25800.0	0
100207144	25129056	98421237	27600.0	0
100207144	98421237	25129056	52200.0	0
100207144	25129056	98421237	54000.0	0
100207145	98420954	25124613	45900.0	0
100207145	25124613	98420954	50220.0	0
100207145	98420954	25127861	54271.0	0
100207145	25127861	98420954	58451.0	0
100207146	98420954	98416881	21600.0	0
100207146	98416881	98420954	61200.0	0
100207148	98420304	25113665	55020.0	0
100207148	25113665	98420304	57420.0	0
100207149	98420304	98420551	31123.0	0
100207149	98420551	98420304	38925.0	0
100207149	98420304	19461222	54300.0	0
100207149	19461222	98420304	63000.0	0
100207150	98420664	25123671	36000.0	0
100207150	25123671	25279597	43200.0	0
100207150	25279597	25289375	44700.0	0
100207150	25289375	1123742432	57600.0	0
100207150	1123742432	98420664	64800.0	0
100207151	98420664	25113743	29700.0	0
100207151	25113743	98421029	57600.0	0
100207151	98421029	98420664	60000.0	0
100207152	98420664	25124805	28500.0	0
100207152	25124805	25294408	49500.0	0
100207152	25294408	98420664	54000.0	0
100207153	98420664	25283209	28200.0	0
100207153	25283209	98420664	55800.0	0
100207153	98420664	25289375	57560.0	0
100207153	25289375	98420664	64343.0	0
100207154	98421003	98421237	25200.0	0
100207154	98421237	25114698	79500.0	0
100207155	98420664	25289375	14340.0	0
100207155	25289375	25128737	50400.0	0
100207155	25128737	98420664	63000.0	0
100207156	98420664	98405277	19800.0	0
100207156	98405277	98420664	61200.0	0
100207157	98420664	1095710597	52200.0	0
100207157	1095710597	98420664	70200.0	0
100207158	98419903	19461222	45465.0	0
100207158	19461222	98419903	48987.0	0
100207159	98419994	25129230	26305.0	0
100207159	25129230	98419994	28138.0	0
100207159	98419994	968696546	30600.0	0
100207159	968696546	25272296	44100.0	0
100207159	25272296	196874912	46620.0	0
100207159	196874912	98419994	63000.0	0
100207160	98419994	98417948	60300.0	0
100207160	98417948	98419994	62100.0	0
100207161	98419935	25114701	21203.0	0
100207161	25114701	878524886	64800.0	0
100207161	878524886	98419935	67200.0	0
100207162	98419935	968703438	50400.0	0
100207162	968703438	98419935	55800.0	0
100207163	98420656	98420728	31620.0	0
100207163	98420728	98420656	35820.0	0
100207163	98420656	1118952070	55014.0	0
100207163	1118952070	98420656	62640.0	0
100207164	98420656	25129056	25800.0	0
100207164	25129056	98420656	27600.0	0
100207164	98420656	25123986	52200.0	0
100207164	25123986	98420656	54000.0	0
100207166	98420351	98417753	36300.0	0
100207166	98417753	98418870	37920.0	0
100207166	98418870	98420351	40020.0	0
100207166	98420351	25129223	50400.0	0
100207166	25129223	98420351	55800.0	0
100207167	98420351	25129454	27000.0	0
100207167	25129454	98420351	54000.0	0
100207169	98420351	25129189	46800.0	0
100207169	25129189	98420351	54000.0	0
100207169	98420351	25116240	59400.0	0
100207169	25116240	98420351	65700.0	0
100207170	98420212	1101255644	27000.0	0
100207170	1101255644	1102693376	43200.0	0
100207170	1102693376	1127921008	44400.0	0
100207170	1127921008	98420212	52200.0	0
100207170	98420212	1124200167	63780.0	0
100207170	1124200167	98420212	70200.0	0
100207171	98420212	25139332	48600.0	0
100207171	25139332	98420212	54600.0	0
100207171	98420212	98413740	60300.0	0
100207171	98413740	98420212	66000.0	0
100207172	98420212	25125405	36300.0	0
100207172	25125405	825384464	40200.0	0
100207172	825384464	1055249980	41100.0	0
100207172	1055249980	98420212	42300.0	0
100207172	98420212	98413096	46800.0	0
100207172	98413096	878524886	58800.0	0
100207172	878524886	98420212	68040.0	0
100207173	98420212	98421324	31500.0	0
100207173	98421324	98420212	54900.0	0
100207174	98420940	25127801	25200.0	0
100207174	25127801	837372063	26700.0	0
100207174	837372063	25113665	57600.0	0
100207174	25113665	968696504	60300.0	0
100207174	968696504	98420940	62100.0	0
100207174	98420940	25129210	67200.0	0
100207174	25129210	303623225	71700.0	0
100207174	303623225	98420940	77100.0	0
100207175	98420940	98417021	29100.0	0
100207175	98417021	98420940	54000.0	0
100207176	98420940	98421324	31800.0	0
100207176	98421324	98420940	56640.0	0
100207177	98420192	98419052	63434.0	0
100207177	98419052	98420192	69713.0	0
100207178	98420192	98441300	25800.0	0
100207178	98441300	98420192	60300.0	0
100207178	98420192	837463771	62100.0	0
100207178	837463771	98420192	67200.0	0
100207179	98420596	98417844	63000.0	0
100207179	98417844	98420596	65700.0	0
100207181	98420218	1118952070	25364.0	0
100207181	1118952070	98420218	28026.0	0
100207181	98420218	25129189	32820.0	0
100207181	25129189	98420218	63900.0	0
100207182	98420218	98418149	22878.0	0
100207182	98418149	120205949	24000.0	0
100207182	120205949	98420218	61200.0	0
100207183	98420218	98417053	29700.0	0
100207183	98417053	98420218	59220.0	0
100207183	98420218	98419775	68460.0	0
100207183	98419775	25289108	74700.0	0
100207183	25289108	98420218	77460.0	0
100207184	98420218	98419638	30600.0	0
100207184	98419638	221980230	31200.0	0
100207184	221980230	98420218	55800.0	0
100207184	98420218	1055249980	59100.0	0
100207184	1055249980	25121837	66300.0	0
100207184	25121837	1039878212	69600.0	0
100207184	1039878212	98420218	72300.0	0
100207185	98420615	98421003	21600.0	0
100207185	98421003	25114431	41400.0	0
100207185	25114431	25124803	44700.0	0
100207185	25124803	98420615	63000.0	0
100207186	98420615	25128146	48600.0	0
100207186	25128146	98420615	54600.0	0
100207186	98420615	968714281	60300.0	0
100207186	968714281	98420615	66000.0	0
100207187	98420615	1055249980	46800.0	0
100207187	1055249980	98420615	59700.0	0
100207187	98420615	98418915	60900.0	0
100207187	98418915	98420615	72000.0	0
100207188	98420615	25128116	32400.0	0
100207188	25128116	98416379	33000.0	0
100207188	98416379	25112838	36900.0	0
100207188	25112838	98420615	40200.0	0
100207188	98420615	968147630	50400.0	0
100207188	968147630	98420615	63000.0	0
100207188	98420615	98395968	73800.0	0
100207189	98420379	880295906	24600.0	0
100207189	880295906	866043899	26100.0	0
100207189	866043899	996845584	28417.0	0
100207189	996845584	335453520	55800.0	0
100207189	335453520	98420379	57600.0	0
100207189	98420379	25290117	61085.0	0
100207189	25290117	98420379	62054.0	0
100207190	248121341	824895207	29700.0	0
100207190	824895207	248121341	68400.0	0
100207190	248121341	98418169	75600.0	0
100207190	98418169	248121341	81000.0	0
100207191	248121341	19461222	41527.0	0
100207191	19461222	248121341	46604.0	0
100207191	248121341	968676959	64800.0	0
100207191	968676959	248121341	74100.0	0
100207192	248121341	98418962	27000.0	0
100207192	98418962	25124497	28200.0	0
100207192	25124497	968317331	31951.0	0
100207192	968317331	248121341	33509.0	0
100207192	248121341	25145397	41700.0	0
100207192	25145397	25293493	52200.0	0
100207192	25293493	248121341	54196.0	0
100207192	248121341	25129056	55200.0	0
100207192	25129056	248121341	56700.0	0
100207192	248121341	98405445	59340.0	0
100207192	98405445	248121341	64740.0	0
100207193	98419992	990177202	63000.0	0
100207193	990177202	98419992	65700.0	0
100207194	98419992	25128692	31123.0	0
100207194	25128692	98419992	38925.0	0
100207194	98419992	25120576	54300.0	0
100207194	25120576	98419992	63000.0	0
100207195	98419968	25113743	21600.0	0
100207195	25113743	98418894	36900.0	0
100207195	98418894	98396275	45000.0	0
100207195	98396275	25128583	49800.0	0
100207195	25128583	25124458	62400.0	0
100207195	25124458	98419968	69600.0	0
100207196	98419968	968147630	25738.0	0
100207196	968147630	1055249980	27153.0	0
100207196	1055249980	98413716	33984.0	0
100207196	98413716	98419968	35880.0	0
100207196	98419968	98420317	36851.0	0
100207196	98420317	98419968	40200.0	0
100207198	98419909	1094839819	30600.0	0
100207198	1094839819	98419909	36000.0	0
100207199	98419909	98412486	27300.0	0
100207199	98412486	98419909	52800.0	0
100207199	98419909	826994332	66360.0	0
100207199	826994332	98419909	71100.0	0
100207201	98420212	1118436763	26100.0	0
100207201	1118436763	98420212	42300.0	0
100207202	98420212	25128949	27000.0	0
100207202	25128949	25116736	28920.0	0
100207202	25116736	25127801	49500.0	0
100207202	25127801	98420212	61200.0	0
100207203	98420212	98419638	26100.0	0
100207203	98419638	98420212	53100.0	0
100207203	98420212	25112555	63000.0	0
100207204	98420232	98419872	35100.0	0
100207204	98419872	25290410	39600.0	0
100207204	25290410	98420232	45000.0	0
100207204	98420232	25289215	49500.0	0
100207204	25289215	98420232	54000.0	0
100207204	98420232	848561009	64800.0	0
100207204	848561009	98420728	74401.0	0
100207204	98420728	968149480	80100.0	0
100207204	968149480	98420232	83700.0	0
100207205	98420232	1095107164	66600.0	0
100207205	1095107164	98420232	77400.0	0
100207206	98420232	98419638	25200.0	0
100207208	98420681	25115114	22200.0	0
100207208	25115114	98420681	62100.0	0
100207209	98420681	25114699	16500.0	0
100207209	25114699	25128949	39600.0	0
100207209	25128949	98420681	54000.0	0
100207210	98420681	1119190644	27000.0	0
100207210	1119190644	98420681	56400.0	0
100207211	98420681	25129230	45000.0	0
100207211	25129230	25128355	48600.0	0
100207211	25128355	968111523	49500.0	0
100207211	968111523	98420681	51900.0	0
100207212	98420392	848561009	16668.0	0
100207212	848561009	98420392	18507.0	0
100207212	98420392	25128113	20400.0	0
100207212	25128113	98420392	55800.0	0
100207213	98420392	98419901	39600.0	0
100207213	98419901	25281846	46800.0	0
100207213	25281846	98420392	54900.0	0
100207214	98420392	991656336	33600.0	0
100207214	991656336	880263733	39600.0	0
100207214	880263733	98420392	42600.0	0
100207214	98420392	25114792	59400.0	0
100207214	25114792	98420392	84600.0	0
100207216	98420656	1095607844	33300.0	0
100207216	1095607844	25124803	35100.0	0
100207216	25124803	25282063	48900.0	0
100207216	25282063	98420656	51300.0	0
100207218	98420656	1039616935	26700.0	0
100207218	1039616935	98420656	61200.0	0
100207219	98420656	98425652	27000.0	0
100207219	98425652	98420656	63900.0	0
100207220	98420680	25129056	25800.0	0
100207220	25129056	98420680	27600.0	0
100207220	98420680	25129056	52200.0	0
100207220	25129056	98420680	54000.0	0
100207221	98420258	25289293	28800.0	0
100207221	25289293	98395968	45000.0	0
100207221	98395968	25279592	63000.0	0
100207221	25279592	98420258	72000.0	0
100207222	98420258	25113722	23400.0	0
100207222	25113722	968696593	27600.0	0
100207222	968696593	1095095998	29700.0	0
100207222	1095095998	98420258	31200.0	0
100207223	98420599	25288893	21600.0	0
100207223	25288893	98420599	54000.0	0
100207224	98420599	968703452	66060.0	0
100207224	968703452	98420599	71760.0	0
100207225	98420599	98419638	26400.0	0
100207225	98419638	98420599	53100.0	0
100207226	98420599	98419651	43200.0	0
100207226	98419651	98420599	50400.0	0
100207227	98420321	25129056	25260.0	0
100207227	25129056	969961624	26760.0	0
100207227	969961624	956537996	39360.0	0
100207227	956537996	98396366	40560.0	0
100207227	98396366	98420321	60960.0	0
100207228	98420321	98416873	29700.0	0
100207228	98416873	98420623	57600.0	0
100207228	98420623	98420321	60000.0	0
100207229	98420321	1123788250	37324.0	0
100207229	1123788250	98420321	44058.0	0
100207230	98420940	835741359	19800.0	0
100207230	835741359	98416798	52200.0	0
100207230	98416798	98420940	55200.0	0
100207231	98419909	25279467	24300.0	0
100207231	25279467	98413740	26700.0	0
100207231	98413740	98419909	43200.0	0
100207231	98419909	25129230	46200.0	0
100207231	25129230	98419909	60900.0	0
100207232	98419909	825278265	29700.0	0
100207232	825278265	98419909	61200.0	0
100207233	98420696	25141749	26400.0	0
100207233	25141749	25284317	37800.0	0
100207233	25284317	25121846	43200.0	0
100207233	25121846	984080082	52800.0	0
100207233	984080082	1095107164	54780.0	0
100207233	1095107164	98420696	59400.0	0
100207233	98420696	25128153	64080.0	0
100207233	25128153	335453270	67380.0	0
100207233	335453270	98420696	72480.0	0
100207234	98420696	1123404924	37800.0	0
100207234	1123404924	98420696	41400.0	0
100207235	98420696	1124200167	27900.0	0
100207235	1124200167	25128783	29400.0	0
100207235	25128783	25129056	61200.0	0
100207235	25129056	98420696	62100.0	0
100207237	98420004	25129056	25800.0	0
100207237	25129056	98420004	27600.0	0
100207237	98420004	25129056	52200.0	0
100207237	25129056	98420004	54000.0	0
100207238	98420623	303947235	27900.0	0
100207238	303947235	98418962	63000.0	0
100207238	98418962	25290239	65100.0	0
100207238	25290239	98420623	69600.0	0
100207239	98420623	25129230	22800.0	0
100207239	25129230	25289219	48600.0	0
100207239	25289219	98420623	53700.0	0
100207240	98420623	825277103	28500.0	0
100207240	825277103	98420623	54360.0	0
100207241	98420623	221980230	28080.0	0
100207241	221980230	98420623	54600.0	0
100207242	98420596	98416874	46800.0	0
100207242	98416874	1039878212	51000.0	0
100207242	1039878212	98420596	52200.0	0
100207242	98420596	25128106	59220.0	0
100207242	25128106	98420596	67020.0	0
100207243	98420183	98419651	27964.0	0
100207243	98419651	98420183	48000.0	0
100207243	98420183	98420183	54287.0	0
100207243	98420183	98418894	56400.0	0
100207243	98418894	25124805	58800.0	0
100207243	25124805	98420183	70173.0	0
100207246	98420317	25283095	44100.0	0
100207246	25283095	98420317	49800.0	0
100207248	98420623	98420710	25800.0	0
100207248	98420710	98420623	42320.0	0
100207248	98420623	219461814	44908.0	0
100207248	219461814	98420623	59400.0	0
100207248	98420623	1039982431	66600.0	0
100207248	1039982431	98420623	75600.0	0
100207248	98420623	25289855	76800.0	0
100207248	25289855	98420623	78300.0	0
100207249	98420623	968149480	28005.0	0
100207249	968149480	98420623	32213.0	0
100207249	98420623	98418870	35100.0	0
100207249	98418870	98420623	43800.0	0
100207249	98420623	25125867	50069.0	0
100207249	25125867	98420623	55519.0	0
100207250	98420623	25124797	48600.0	0
100207250	25124797	98420623	63000.0	0
100207251	98420623	25129056	25800.0	0
100207251	25129056	98420623	27600.0	0
100207251	98420623	25129056	52200.0	0
100207251	25129056	98420623	54000.0	0
100207252	98419998	25288977	18000.0	0
100207252	25288977	25128145	64800.0	0
100207252	25128145	25129211	66000.0	0
100207252	25129211	98419998	67800.0	0
100207253	98419998	98418962	25800.0	0
100207253	98418962	98419998	27600.0	0
100207253	98419998	25129056	52200.0	0
100207253	25129056	98419998	54000.0	0
100207255	98420183	969036853	39552.0	0
100207255	969036853	98420183	49500.0	0
100207255	98420183	25288977	57600.0	0
100207255	25288977	98420183	72000.0	0
100207257	98420680	98413796	28800.0	0
100207257	98413796	25129230	30900.0	0
100207257	25129230	1118952070	44267.0	0
100207257	1118952070	1119190644	56924.0	0
100207257	1119190644	25141757	64800.0	0
100207257	25141757	98420680	66900.0	0
100207258	98420680	25129582	46200.0	0
100207258	25129582	98420680	47400.0	0
100207259	98420680	968118276	37324.0	0
100207259	968118276	98420680	44058.0	0
100207260	98420267	968696599	35279.0	0
100207260	968696599	98420267	39658.0	0
100207261	98420267	25124706	39600.0	0
100207261	25124706	98420267	46800.0	0
100207261	98420267	98420712	59400.0	0
100207261	98420712	98420267	68400.0	0
100207262	1095031643	98421001	21600.0	0
100207262	98421001	842901168	54000.0	0
100207262	842901168	968696451	55920.0	0
100207262	968696451	1095031643	58440.0	0
100207262	1095031643	851367501	60660.0	0
100207262	851367501	1095031643	69300.0	0
100207263	1095031643	25129056	26700.0	0
100207263	25129056	25141776	28800.0	0
100207263	25141776	98393276	61800.0	0
100207263	98393276	98420800	68400.0	0
100207263	98420800	1095031643	70200.0	0
100207264	1095031643	98421324	30000.0	0
100207264	98421324	25289827	44400.0	0
100207264	25289827	1095031643	50400.0	0
100207265	98420680	946239127	28800.0	0
100207265	946239127	1039878212	39600.0	0
100207265	1039878212	98420680	45900.0	0
100207268	98420948	25290842	24960.0	0
100207268	25290842	98420948	59400.0	0
100207269	915053219	837372063	26880.0	0
100207269	837372063	98417052	48600.0	0
100207269	98417052	861096811	51360.0	0
100207269	861096811	915053219	67500.0	0
100207270	915053219	25128491	49500.0	0
100207270	25128491	196879570	53700.0	0
100207270	196879570	915053219	82800.0	0
100207271	915053219	98395996	35880.0	0
100207271	98395996	1102693374	36720.0	0
100207271	1102693374	98417893	40380.0	0
100207271	98417893	968696557	42180.0	0
100207271	968696557	915053219	44700.0	0
100207272	98420395	25282063	57600.0	0
100207272	25282063	98420395	61800.0	0
100207274	98420232	25113691	14340.0	0
100207274	25113691	98420232	64800.0	0
100207275	98419973	25117108	34680.0	0
100207275	25117108	98419973	35880.0	0
100207276	98419973	970964955	36000.0	0
100207276	970964955	98419973	41700.0	0
100207277	984077917	878524886	32400.0	0
100207277	878524886	98420712	34920.0	0
100207277	98420712	984077917	36720.0	0
100207280	98420291	1055249980	39900.0	0
100207280	1055249980	98420291	54000.0	0
100207280	98420291	992192768	56700.0	0
100207280	992192768	848561009	74700.0	0
100207280	848561009	98420291	77100.0	0
100207281	98420653	25129224	19496.0	0
100207281	25129224	98420653	21505.0	0
100207281	98420653	98417053	25200.0	0
100207281	98417053	98420653	61200.0	0
100207282	98420653	98405277	24604.0	0
100207282	98405277	98420653	26907.0	0
100207282	98420653	1095097319	60600.0	0
100207282	1095097319	98420653	62100.0	0
100207282	98420653	98417893	67800.0	0
100207282	98417893	98420653	72000.0	0
100207283	98420653	878524886	42000.0	0
100207283	878524886	25113665	47700.0	0
100207283	25113665	98418915	51300.0	0
100207283	98418915	844845187	64800.0	0
100207283	844845187	98420653	66000.0	0
100207284	98420653	25129233	27000.0	0
100207284	25129233	98420653	61200.0	0
100207286	984077916	25129056	25800.0	0
100207286	25129056	984077916	27600.0	0
100207286	984077916	25123986	52200.0	0
100207286	25123986	984077916	54000.0	0
100207288	98420012	25141782	24300.0	0
100207288	25141782	98420012	60300.0	0
100207289	98420012	25289897	32460.0	0
100207289	25289897	98420012	68400.0	0
100207290	98420390	970964955	17700.0	0
100207290	970964955	98420390	50400.0	0
100207291	98420390	878524886	32400.0	0
100207291	878524886	98420390	37800.0	0
100207291	98420390	25113665	57300.0	0
100207291	25113665	98420390	60900.0	0
100207292	98420390	25113602	28869.0	0
100207292	25113602	98420390	47629.0	0
100207292	98420390	25289111	50400.0	0
100207292	25289111	98420390	57600.0	0
100207292	98420390	98395792	62903.0	0
100207292	98395792	98420390	73815.0	0
100207295	98420406	968703439	39900.0	0
100207295	968703439	98420406	54000.0	0
100207295	98420406	25114685	56700.0	0
100207295	25114685	98416873	74700.0	0
100207295	98416873	98420406	77100.0	0
100207297	98419882	98425652	39900.0	0
100207297	98425652	98419882	54000.0	0
100207297	98419882	828277899	56700.0	0
100207297	828277899	25125343	74700.0	0
100207297	25125343	98419882	77100.0	0
100207298	98420598	25123418	44444.0	0
100207298	25123418	98420598	48760.0	0
100207298	98420598	968696504	54000.0	0
100207298	968696504	98420598	58800.0	0
100207299	98420258	855079371	33600.0	0
100207299	855079371	855077823	36300.0	0
100207299	855077823	98420258	39000.0	0
100207299	98420258	25139332	43200.0	0
100207299	25139332	98420258	47400.0	0
100207300	98420309	335465045	39000.0	0
100207300	335465045	98420309	48000.0	0
100207301	98421237	968317328	33300.0	0
100207301	968317328	98421237	38400.0	0
100207302	98421237	1123404924	45465.0	0
100207302	1123404924	98421237	48987.0	0
100207303	98420304	25129079	27000.0	0
100207303	25129079	25143385	42000.0	0
100207303	25143385	25298219	42900.0	0
100207303	25298219	98420304	61200.0	0
100207304	98420304	25295413	25200.0	0
100207304	25295413	98420304	61200.0	0
100207305	98420304	98419638	28800.0	0
100207305	98419638	1055249980	46800.0	0
100207305	1055249980	98420304	57600.0	0
100207306	98420304	25279131	55200.0	0
100207306	25279131	98420304	68400.0	0
100207308	98420601	98420317	39600.0	0
100207308	98420317	98420601	47400.0	0
100207309	98420601	968825070	34500.0	0
100207309	968825070	25284673	36300.0	0
100207309	25284673	98420601	37800.0	0
100207310	98420601	25124783	39600.0	0
100207310	25124783	98420601	43800.0	0
100207310	98420601	25280467	46200.0	0
100207310	25280467	98420601	50700.0	0
100207312	98419968	25293135	25200.0	0
100207312	25293135	25128437	59400.0	0
100207312	25128437	98419968	69000.0	0
100207313	98419968	984080082	36000.0	0
100207313	984080082	98419968	57600.0	0
100207314	98419968	1101126999	33300.0	0
100207314	1101126999	1095017485	47400.0	0
100207314	1095017485	98421029	55800.0	0
100207314	98421029	98419968	62100.0	0
100207315	98419968	25128134	42060.0	0
100207315	25128134	98419968	54900.0	0
100207316	1095031643	98420551	33300.0	0
100207316	98420551	25117657	35100.0	0
100207316	25117657	98416798	48900.0	0
100207316	98416798	1095031643	51300.0	0
100207318	1095031643	25141780	26700.0	0
100207318	25141780	1095031643	61200.0	0
100207319	1095031643	828277899	27000.0	0
100207319	828277899	1095031643	63900.0	0
100207320	98420379	98395968	14700.0	0
100207320	98395968	98420379	54600.0	0
100207321	98420379	25290239	47700.0	0
100207321	25290239	98420379	80400.0	0
100207322	98420379	98395968	39600.0	0
100207322	98395968	98420379	46800.0	0
100207322	98420379	983754740	59400.0	0
100207322	983754740	98420379	68400.0	0
100207323	98419959	25289190	30600.0	0
100207323	25289190	98418703	46800.0	0
100207323	98418703	968676952	48780.0	0
100207323	968676952	98419959	49980.0	0
100207323	98419959	25289375	52129.0	0
100207323	25289375	98419959	60738.0	0
100207323	98419959	98418358	63780.0	0
100207323	98418358	98419959	64680.0	0
100207323	98419959	824938377	66180.0	0
100207323	824938377	98419959	74700.0	0
100207324	98419959	25129254	25080.0	0
100207324	25129254	25145536	41400.0	0
100207324	25145536	946242155	43800.0	0
100207324	946242155	98419959	63000.0	0
100207325	98420696	25129056	28800.0	0
100207325	25129056	98420696	30600.0	0
100207325	98420696	855077823	35100.0	0
100207325	855077823	1039404861	43200.0	0
100207325	1039404861	98420696	49500.0	0
100207325	98420696	25129056	52200.0	0
100207325	25129056	98420696	54900.0	0
100207325	98420696	25123986	58500.0	0
100207325	25123986	98420696	79200.0	0
100207326	98420696	825398485	27964.0	0
100207326	825398485	98421029	46800.0	0
100207326	98421029	98420696	56400.0	0
100207326	98420696	98418894	67200.0	0
100207326	98418894	98420696	76200.0	0
100207327	98420696	844034226	27000.0	0
100207327	844034226	98420696	51000.0	0
100207327	98420696	25290494	52200.0	0
100207327	25290494	98420696	61200.0	0
100207328	98420696	25144395	24900.0	0
100207328	25144395	98420696	43200.0	0
100207332	98420653	120204598	21600.0	0
100207332	120204598	968703438	54000.0	0
100207332	968703438	98413602	55920.0	0
100207332	98413602	98420653	58440.0	0
100207332	98420653	1039404861	60660.0	0
100207332	1039404861	98420653	69300.0	0
100207333	98420653	98421044	26880.0	0
100207333	98421044	25126968	48600.0	0
100207333	25126968	1119106855	51360.0	0
100207333	1119106855	98420653	67500.0	0
100207334	98420653	825277103	26100.0	0
100207334	825277103	98420653	55800.0	0
100207334	98420653	25127862	67500.0	0
100207334	25127862	98420653	78000.0	0
100207335	98420304	25123986	25800.0	0
100207335	25123986	98420304	27600.0	0
100207335	98420304	25129056	52200.0	0
100207335	25129056	98420304	54000.0	0
100207336	98420395	25114863	23400.0	0
100207336	25114863	98420395	55800.0	0
100207337	968696557	98420395	900.0	0
100207337	98420395	25129229	25800.0	0
100207337	25129229	25129033	28080.0	0
100207337	25129033	98420395	61200.0	0
100207337	98420395	98419052	69782.0	0
100207337	98419052	1124793053	82800.0	0
100207338	98420395	98393276	34200.0	0
100207338	98393276	98420395	36300.0	0
100207339	98419935	25128348	39600.0	0
100207339	25128348	98419935	46800.0	0
100207339	98419935	825384464	59400.0	0
100207339	825384464	98419935	68400.0	0
100207340	98419935	98395968	25738.0	0
100207340	98395968	98419935	29244.0	0
100207340	98419935	98410073	64800.0	0
100207340	98410073	98419935	73800.0	0
100207341	98420390	1094881129	28200.0	0
100207341	1094881129	25125405	46200.0	0
100207341	25125405	25128461	47700.0	0
100207341	25128461	98420390	55800.0	0
100207341	98420390	98417034	62100.0	0
100207341	98417034	98420390	67011.0	0
100207342	98420390	25129056	27000.0	0
100207342	25129056	98420390	28500.0	0
100207342	98420390	25289289	51600.0	0
100207342	25289289	98420390	55800.0	0
100207343	98420390	878524886	39840.0	0
100207343	878524886	968696599	43200.0	0
100207343	968696599	25283326	44340.0	0
100207343	25283326	98420390	48300.0	0
100207344	98420390	98410201	38700.0	0
100207344	98410201	98420390	39600.0	0
100207344	98420390	98418210	67440.0	0
100207344	98418210	98420390	70860.0	0
100207346	98420383	25145175	23700.0	0
100207346	25145175	98420383	54600.0	0
100207347	98420348	1039616935	19200.0	0
100207347	1039616935	25129231	52200.0	0
100207347	25129231	98420348	60414.0	0
100207347	98420348	1095024678	62880.0	0
100207347	1095024678	98420348	65580.0	0
100207349	98420348	25276203	23400.0	0
100207349	25276203	98420348	68400.0	0
100207351	98420303	25284263	30600.0	0
100207351	25284263	98420303	36000.0	0
100207352	98420303	98419638	31500.0	0
100207352	98419638	98420303	56400.0	0
100207354	915053220	25126698	43200.0	0
100207354	25126698	915053220	46680.0	0
100207354	915053220	98416882	47280.0	0
100207354	98416882	25279907	49800.0	0
100207354	25279907	992046295	63669.0	0
100207354	992046295	915053220	72000.0	0
100207355	915053220	98440244	25800.0	0
100207355	98440244	915053220	27600.0	0
100207355	915053220	98418962	52200.0	0
100207355	98418962	915053220	54000.0	0
100207356	915053220	196871246	20400.0	0
100207356	196871246	98421029	50400.0	0
100207356	98421029	995999932	61800.0	0
100207356	995999932	25289108	69300.0	0
100207356	25289108	915053220	73800.0	0
100207357	915053220	98418425	27900.0	0
100207357	98418425	915053220	51300.0	0
100207358	98420317	25271047	27600.0	0
100207358	25271047	98420317	46800.0	0
100207359	98420317	19461220	24037.0	0
100207359	19461220	98420317	26875.0	0
100207359	98420317	98395968	42000.0	0
100207359	98395968	98420317	47100.0	0
100207359	98420317	98419052	67841.0	0
100207359	98419052	98420317	70707.0	0
100207360	98420317	25112704	27000.0	0
100207360	25112704	98420317	59400.0	0
100207361	98420194	1094720631	30600.0	0
100207361	1094720631	98420194	36000.0	0
100207362	98420194	25118327	31500.0	0
100207362	25118327	98420194	40500.0	0
100207362	98420194	25113601	44100.0	0
100207362	25113601	98419607	45300.0	0
100207362	98419607	98420194	52500.0	0
100207362	98420194	98418425	57600.0	0
100207362	98418425	98420194	62400.0	0
100207364	98420322	25123299	21600.0	0
100207364	25123299	25118980	25800.0	0
100207364	25118980	19461222	36600.0	0
100207364	19461222	25129190	42000.0	0
100207364	25129190	98420322	77144.0	0
100207365	98420656	98416796	39600.0	0
100207365	98416796	98420656	46800.0	0
100207365	98420656	25145397	59400.0	0
100207365	25145397	98420656	68400.0	0
100207366	98421294	98419651	60300.0	0
100207366	98419651	98421294	62100.0	0
100207367	98420232	1095107164	18300.0	0
100207367	1095107164	25115385	29520.0	0
100207367	25115385	25141761	34980.0	0
100207367	25141761	25128482	59400.0	0
100207367	25128482	98420232	69720.0	0
100207368	98420232	98416873	25200.0	0
100207368	98416873	98420232	57600.0	0
100207368	98420232	25112576	62809.0	0
100207368	25112576	98420232	66578.0	0
100207369	98420232	98417021	29400.0	0
100207369	98417021	98420232	54000.0	0
100207370	98420232	25124797	54000.0	0
100207370	25124797	98420232	67500.0	0
100207371	98420232	851367501	29700.0	0
100207371	851367501	98420232	51900.0	0
100207372	98420232	98419638	27000.0	0
100207372	98419638	98392211	50400.0	0
100207372	98392211	98420232	60000.0	0
100207373	98420232	25150400	42300.0	0
100207373	25150400	25113665	46800.0	0
100207373	25113665	98420232	48600.0	0
100207373	98420232	25129230	71100.0	0
100207373	25129230	98420232	74100.0	0
100207374	98419903	98418894	43200.0	0
100207374	98418894	98419903	45300.0	0
100207374	98419903	25124805	64800.0	0
100207374	25124805	98419903	66900.0	0
100207375	1095031643	98416798	29640.0	0
100207375	98416798	1095031643	45840.0	0
100207377	98420383	98421140	46800.0	0
100207377	98421140	98419052	51000.0	0
100207377	98419052	98420383	52200.0	0
100207377	98420383	25112555	59220.0	0
100207377	25112555	98420383	67020.0	0
100207381	98420303	98425652	29606.0	0
100207381	98425652	1059477365	45922.0	0
100207381	1059477365	25290169	49469.0	0
100207381	25290169	98420303	60607.0	0
100207382	98420303	25112279	31800.0	0
100207382	25112279	98420303	59820.0	0
100207383	98420303	25289897	26100.0	0
100207383	25289897	98420303	66600.0	0
100207384	98420229	98417949	32760.0	0
100207384	98417949	98420229	60300.0	0
100207386	98420311	25129056	30600.0	0
100207386	25129056	98420311	33300.0	0
100207386	98420311	25120126	35062.0	0
100207386	25120126	98420311	73944.0	0
100207387	248121341	25129056	25800.0	0
100207387	25129056	248121341	27600.0	0
100207387	248121341	25129056	52200.0	0
100207387	25129056	248121341	54000.0	0
100207389	98421237	25129056	24600.0	0
100207389	25129056	196877225	27000.0	0
100207389	196877225	25129056	63000.0	0
100207389	25129056	98421237	63900.0	0
100207390	98421237	25129056	28800.0	0
100207390	25129056	98421237	30600.0	0
100207390	98421237	25128476	35100.0	0
100207390	25128476	25289891	43200.0	0
100207390	25289891	98421237	49500.0	0
100207390	98421237	25129056	52200.0	0
100207390	25129056	98421237	54900.0	0
100207390	98421237	1095024678	58500.0	0
100207390	1095024678	98421237	79200.0	0
100207391	98421237	335463850	27000.0	0
100207391	335463850	98421237	45000.0	0
100207392	98421237	25112205	27000.0	0
100207392	25112205	98421237	61200.0	0
100207393	98420317	995999932	18000.0	0
100207393	995999932	98420317	63000.0	0
100207394	311289338	25129229	28800.0	0
100207394	25129229	866043899	46800.0	0
100207394	866043899	25129222	49800.0	0
100207394	25129222	25127798	70200.0	0
100207394	25127798	311289338	81000.0	0
100207395	311289338	25129231	14340.0	0
100207395	25129231	311289338	25200.0	0
100207396	311289338	25129056	39000.0	0
100207396	25129056	311289338	46800.0	0
100207396	311289338	98418962	48900.0	0
100207396	98418962	98417034	53621.0	0
100207396	98417034	311289338	55920.0	0
100207397	98420623	1039982431	62100.0	0
100207397	1039982431	98420623	66300.0	0
100207398	98420032	25113546	53700.0	0
100207398	25113546	98420032	56400.0	0
100207399	98420032	968714277	51228.0	0
100207399	968714277	98420032	56100.0	0
100207399	98420032	25112555	59100.0	0
100207399	25112555	98420032	63900.0	0
100207400	98421294	25141782	39600.0	0
100207400	25141782	98421294	46800.0	0
100207400	98421294	98420728	59400.0	0
100207400	98420728	98421294	68400.0	0
100207401	98421294	25284526	26100.0	0
100207401	25284526	98421294	62100.0	0
100207402	98419909	828277899	25800.0	0
100207402	828277899	98419909	63000.0	0
100207403	98419909	25271966	36900.0	0
100207403	25271966	25143337	45300.0	0
100207403	25143337	98419909	48900.0	0
100207403	98419909	98396135	70824.0	0
100207403	98396135	98419909	73138.0	0
100207404	98420291	25145534	27000.0	0
100207404	25145534	25292978	43200.0	0
100207404	25292978	25289843	44400.0	0
100207404	25289843	98420291	52200.0	0
100207404	98420291	25129056	63780.0	0
100207404	25129056	98420291	70200.0	0
100207405	98420291	25289443	48600.0	0
100207405	25289443	98420291	54600.0	0
100207405	98420291	25289450	60300.0	0
100207405	25289450	98420291	66000.0	0
100207406	98420291	98419638	27000.0	0
100207406	98419638	98417021	30000.0	0
100207406	98417021	98421324	57600.0	0
100207406	98421324	98420291	63900.0	0
100207407	98420291	25289450	41400.0	0
100207407	25289450	98420291	74700.0	0
100207408	98420653	1095710597	24240.0	0
100207408	1095710597	98420653	64800.0	0
100207409	98420653	25280996	36000.0	0
100207409	25280996	98420653	66600.0	0
100207410	98420596	25112555	39600.0	0
100207410	25112555	968149440	46800.0	0
100207410	968149440	98420596	54900.0	0
100207412	98419935	98421029	39900.0	0
100207412	98421029	98419935	44400.0	0
100207412	98419935	25284313	50700.0	0
100207412	25284313	98419935	57600.0	0
100207413	98419935	25290435	14700.0	0
100207413	25290435	25289834	48600.0	0
100207413	25289834	98419935	54600.0	0
100207414	98419935	25120730	35400.0	0
100207414	25120730	98419935	79200.0	0
100207415	98420292	25141760	48600.0	0
100207415	25141760	98420292	54600.0	0
100207415	98420292	98413778	60300.0	0
100207415	98413778	98420292	66000.0	0
100207416	98420292	98417053	26400.0	0
100207416	98417053	98420292	53100.0	0
100207417	98420292	221980230	28800.0	0
100207417	221980230	98420292	53700.0	0
100207418	98420596	25124805	23400.0	0
100207418	25124805	98420596	64800.0	0
100207419	98420596	98417053	29700.0	0
100207419	98417053	98420596	45900.0	0
100207419	98420596	25129230	50250.0	0
100207419	25129230	98420596	52894.0	0
100207419	98420596	25129197	56425.0	0
100207419	25129197	98420596	59194.0	0
100207419	98420596	968696560	61063.0	0
100207419	968696560	98420596	62032.0	0
100207419	98420596	827007477	64800.0	0
100207419	827007477	98420596	72000.0	0
100207420	98420596	98418183	22903.0	0
100207420	98418183	98420596	24538.0	0
100207420	98420596	25123418	39000.0	0
100207420	25123418	98420596	42420.0	0
100207420	98420596	968696644	43587.0	0
100207420	968696644	98420596	46180.0	0
100207420	98420596	25125385	52200.0	0
100207420	25125385	98420596	53351.0	0
100207420	98420596	842909163	56813.0	0
100207420	842909163	25129191	60900.0	0
100207420	25129191	98420596	64602.0	0
100207420	98420596	25284313	80155.0	0
100207420	25284313	98420596	81854.0	0
100207421	98420664	25285651	27000.0	0
100207421	25285651	992113729	43200.0	0
100207421	992113729	25124458	44400.0	0
100207421	25124458	98420664	52200.0	0
100207421	98420664	25129056	63780.0	0
100207421	25129056	98420664	70200.0	0
100207422	98420664	25128146	48600.0	0
100207422	25128146	98420664	54600.0	0
100207422	98420664	1039878212	60300.0	0
100207422	1039878212	98420664	66000.0	0
100207423	98420664	98421324	26940.0	0
100207423	98421324	98420664	54000.0	0
100207423	98420664	25128476	56700.0	0
100207423	25128476	25279401	64800.0	0
100207423	25279401	837461723	72000.0	0
100207424	98420664	25116696	28500.0	0
100207424	25116696	98420664	60300.0	0
100207425	98420310	25120498	27000.0	0
100207425	25120498	196869895	28920.0	0
100207425	196869895	25288977	49500.0	0
100207425	25288977	98420310	61200.0	0
100207426	98420310	25123986	22800.0	0
100207426	25123986	98420310	59400.0	0
100207427	98420310	25116696	28800.0	0
100207427	25116696	98420310	55200.0	0
100207427	98420310	1094720367	62400.0	0
100207427	1094720367	25289888	63300.0	0
100207427	25289888	98417196	65400.0	0
100207427	98417196	98420310	73200.0	0
100207429	98420032	25117741	39600.0	0
100207429	25117741	98420032	46800.0	0
100207429	98420032	98420623	59400.0	0
100207429	98420623	98420032	68400.0	0
100207430	98420032	98417034	25200.0	0
100207430	98417034	98420032	29100.0	0
100207430	98420032	98393276	34800.0	0
100207430	98393276	98410073	37800.0	0
100207430	98410073	98421029	38700.0	0
100207430	98421029	98420032	45000.0	0
100207430	98420032	25116843	57000.0	0
100207430	25116843	98420032	59100.0	0
100207430	98420032	98419653	65700.0	0
100207430	98419653	98420032	76500.0	0
100207432	98420317	98420038	43320.0	0
100207432	98420038	98420317	47460.0	0
100207432	98420317	25139356	63000.0	0
100207432	25139356	98420317	80912.0	0
100207434	98420291	303623225	18000.0	0
100207434	303623225	1095044931	64800.0	0
100207434	1095044931	878524886	66000.0	0
100207434	878524886	98420291	67800.0	0
100207435	98420291	25121998	19487.0	0
100207435	25121998	98420291	22069.0	0
100207435	98420291	25129094	48600.0	0
100207435	25129094	25127801	50100.0	0
100207435	25127801	98420291	59400.0	0
100207436	98420291	25129056	32400.0	0
100207436	25129056	25124799	54000.0	0
100207436	25124799	98420291	55800.0	0
100207436	98420291	98440177	61200.0	0
100207436	98440177	98420291	62400.0	0
100207436	98420291	25113611	66600.0	0
100207436	25113611	25128949	69300.0	0
100207436	25128949	98420291	70200.0	0
100207437	98420618	984494994	18000.0	0
100207437	984494994	1053514161	23366.0	0
100207437	1053514161	25284313	52358.0	0
100207437	25284313	98420618	57000.0	0
100207438	98420618	98419651	41527.0	0
100207438	98419651	98419634	43620.0	0
100207438	98419634	968676952	44820.0	0
100207438	968676952	98418993	49020.0	0
